692 3.33461160111376E-5
340 3.33461160111376E-5
1868 1.66730580055688E-5
130 1.333844640445504E-4
3066 1.66730580055688E-5
582 1.66730580055688E-5
1546 1.66730580055688E-5
66 2.1674975407239442E-4
408 1.66730580055688E-5
138 6.66922320222752E-5
346 1.66730580055688E-5
14 0.004651783183553695
1880 1.66730580055688E-5
24 0.0016506327425513114
990 1.66730580055688E-5
146 3.33461160111376E-5
140 1.000383480334128E-4
204 6.66922320222752E-5
212 1.66730580055688E-5
390 3.33461160111376E-5
226 5.00191740167064E-5
35988 1.66730580055688E-5
318 1.66730580055688E-5
956 1.66730580055688E-5
320 1.66730580055688E-5
12 0.006385781216132851
38 5.502109141837704E-4
228 3.33461160111376E-5
712 5.00191740167064E-5
94 2.000766960668256E-4
100 6.66922320222752E-5
160 5.00191740167064E-5
332 1.66730580055688E-5
112 8.336529002784401E-5
420 1.66730580055688E-5
184 3.33461160111376E-5
300 1.66730580055688E-5
22 0.0020507861346849626
632 1.66730580055688E-5
742 1.66730580055688E-5
194 5.00191740167064E-5
886 1.66730580055688E-5
758 1.66730580055688E-5
532 1.66730580055688E-5
126 5.00191740167064E-5
118 1.333844640445504E-4
40 6.002300882004769E-4
186 3.33461160111376E-5
558 1.66730580055688E-5
2846 1.66730580055688E-5
58 3.668072761225136E-4
136 1.000383480334128E-4
1280 1.66730580055688E-5
590 1.66730580055688E-5
198 3.33461160111376E-5
196 6.66922320222752E-5
168 3.33461160111376E-5
388 1.66730580055688E-5
254 5.00191740167064E-5
96 6.66922320222752E-5
338 1.66730580055688E-5
296 3.33461160111376E-5
524 1.66730580055688E-5
784 1.66730580055688E-5
2688 1.66730580055688E-5
918 1.66730580055688E-5
82 8.336529002784401E-5
216 1.66730580055688E-5
3486 1.66730580055688E-5
28 9.170181903062841E-4
292 1.66730580055688E-5
98 1.000383480334128E-4
222 5.00191740167064E-5
30 9.503643063174217E-4
246 3.33461160111376E-5
354 3.33461160111376E-5
92 1.000383480334128E-4
266 8.336529002784401E-5
110 8.336529002784401E-5
336 1.66730580055688E-5
214 5.00191740167064E-5
2090 1.66730580055688E-5
106 5.00191740167064E-5
252 3.33461160111376E-5
72 1.6673058005568802E-4
248 3.33461160111376E-5
78 1.333844640445504E-4
144 3.33461160111376E-5
274 1.66730580055688E-5
178 1.66730580055688E-5
494 1.66730580055688E-5
506 1.66730580055688E-5
84 1.1671140603898161E-4
122 6.66922320222752E-5
56 2.667689280891008E-4
836 1.66730580055688E-5
76 1.1671140603898161E-4
470 1.66730580055688E-5
708 1.66730580055688E-5
310 3.33461160111376E-5
208 3.33461160111376E-5
1122 1.66730580055688E-5
32 0.0010504026543508346
124 6.66922320222752E-5
164 3.33461160111376E-5
438 1.66730580055688E-5
206 5.00191740167064E-5
382 3.33461160111376E-5
8 0.013988695666672225
174 3.33461160111376E-5
44 3.5013421811694485E-4
88 1.000383480334128E-4
372 3.33461160111376E-5
244 1.66730580055688E-5
34 7.836337262617336E-4
4 0.06262400586891642
474 1.66730580055688E-5
150 8.336529002784401E-5
412 1.66730580055688E-5
134 6.66922320222752E-5
600 1.66730580055688E-5
1432 1.66730580055688E-5
80 1.000383480334128E-4
458 1.66730580055688E-5
352 1.66730580055688E-5
510 1.66730580055688E-5
104 3.33461160111376E-5
152 1.66730580055688E-5
272 1.66730580055688E-5
396 1.66730580055688E-5
202 3.33461160111376E-5
278 3.33461160111376E-5
74 1.834036380612568E-4
316 3.33461160111376E-5
90 1.1671140603898161E-4
402 1.66730580055688E-5
238 1.66730580055688E-5
18 0.002767727628924421
20 0.002034113076679394
1602 1.66730580055688E-5
342 3.33461160111376E-5
552 1.66730580055688E-5
268 1.66730580055688E-5
462 1.66730580055688E-5
334 1.66730580055688E-5
162 5.00191740167064E-5
668 1.66730580055688E-5
120 1.333844640445504E-4
504 1.66730580055688E-5
200 1.66730580055688E-5
166 3.33461160111376E-5
46 5.00191740167064E-4
142 6.66922320222752E-5
62 1.6673058005568802E-4
172 5.00191740167064E-5
250 1.66730580055688E-5
6592 1.66730580055688E-5
2104 1.66730580055688E-5
190 3.33461160111376E-5
284 1.66730580055688E-5
444 1.66730580055688E-5
6 0.02699368091101589
690 1.66730580055688E-5
674 1.66730580055688E-5
498 1.66730580055688E-5
496 1.66730580055688E-5
86 1.1671140603898161E-4
60 3.1678810210580724E-4
780 1.66730580055688E-5
516 1.66730580055688E-5
176 1.66730580055688E-5
282 1.66730580055688E-5
26 0.001167114060389816
328 3.33461160111376E-5
2 0.24024209280224085
398 1.66730580055688E-5
360 1.66730580055688E-5
52 3.668072761225136E-4
800 1.66730580055688E-5
16 0.0030678426730246593
802 1.66730580055688E-5
156 1.66730580055688E-5
158 3.33461160111376E-5
54 2.50095870083532E-4
286 1.66730580055688E-5
456 3.33461160111376E-5
50 4.8351868216149526E-4
262 1.66730580055688E-5
36 6.335762042116145E-4
426 1.66730580055688E-5
64 2.1674975407239442E-4
188 1.66730580055688E-5
2236 1.66730580055688E-5
294 1.66730580055688E-5
358 1.66730580055688E-5
154 3.33461160111376E-5
132 3.33461160111376E-5
242 1.66730580055688E-5
1160 1.66730580055688E-5
7866 1.66730580055688E-5
290 1.66730580055688E-5
70 2.3342281207796323E-4
432 3.33461160111376E-5
364 5.00191740167064E-5
108 6.66922320222752E-5
2216 1.66730580055688E-5
500 1.66730580055688E-5
10 0.009070143555029428
148 1.66730580055688E-5
818 3.33461160111376E-5
4478 1.66730580055688E-5
966 1.66730580055688E-5
280 1.66730580055688E-5
276 3.33461160111376E-5
232 5.00191740167064E-5
374 1.66730580055688E-5
116 3.33461160111376E-5
48 5.668839721893392E-4
128 1.000383480334128E-4
1004 1.66730580055688E-5
42 5.168647981726328E-4
102 8.336529002784401E-5
210 1.66730580055688E-5
468 1.66730580055688E-5
448 1.66730580055688E-5
484 1.66730580055688E-5
550 1.66730580055688E-5
234 5.00191740167064E-5
932 3.33461160111376E-5
68 1.6673058005568802E-4
384 1.66730580055688E-5
147 1.66730580055688E-5
19 0.0023175550627740635
39 6.002300882004769E-4
155 8.336529002784401E-5
297 1.66730580055688E-5
129 1.66730580055688E-5
71 1.834036380612568E-4
373 1.66730580055688E-5
1911 1.66730580055688E-5
311 3.33461160111376E-5
11 0.007152741884389016
235 1.66730580055688E-5
37 6.502492622171833E-4
185 6.66922320222752E-5
195 1.000383480334128E-4
201 3.33461160111376E-5
1 0.3994364506394118
215 3.33461160111376E-5
63 1.834036380612568E-4
247 3.33461160111376E-5
543 1.66730580055688E-5
17 0.0028844390349634028
659 1.66730580055688E-5
203 3.33461160111376E-5
447 1.66730580055688E-5
211 1.66730580055688E-5
299 1.66730580055688E-5
217 1.66730580055688E-5
21 0.0018006902646014306
139 5.00191740167064E-5
367 1.66730580055688E-5
321 1.66730580055688E-5
715 1.66730580055688E-5
77 2.3342281207796323E-4
1809 1.66730580055688E-5
533 3.33461160111376E-5
331 1.66730580055688E-5
945 1.66730580055688E-5
131 1.1671140603898161E-4
59 2.50095870083532E-4
1839 1.66730580055688E-5
799 1.66730580055688E-5
1261 1.66730580055688E-5
293 1.66730580055688E-5
93 3.33461160111376E-5
113 5.00191740167064E-5
731 1.66730580055688E-5
165 3.33461160111376E-5
2749 1.66730580055688E-5
1031 1.66730580055688E-5
31 7.169414942394584E-4
701 1.66730580055688E-5
13065 1.66730580055688E-5
3619 1.66730580055688E-5
413 1.66730580055688E-5
137 3.33461160111376E-5
81 6.66922320222752E-5
645 3.33461160111376E-5
229 1.66730580055688E-5
1005 1.66730580055688E-5
387 1.66730580055688E-5
231 1.66730580055688E-5
345 3.33461160111376E-5
649 1.66730580055688E-5
29 0.0010504026543508346
79 6.66922320222752E-5
375 1.66730580055688E-5
263 1.66730580055688E-5
551 1.66730580055688E-5
127 1.1671140603898161E-4
57 3.0011504410023843E-4
149 3.33461160111376E-5
505 1.66730580055688E-5
313 3.33461160111376E-5
83 8.336529002784401E-5
771 1.66730580055688E-5
251 1.66730580055688E-5
9 0.010920852993647565
49 5.502109141837704E-4
1085 1.66730580055688E-5
1317 1.66730580055688E-5
109 6.66922320222752E-5
167 6.66922320222752E-5
115 8.336529002784401E-5
187 1.66730580055688E-5
337 3.33461160111376E-5
15 0.003301265485102623
631 1.66730580055688E-5
243 3.33461160111376E-5
95 1.5005752205011922E-4
73 1.1671140603898161E-4
371 1.66730580055688E-5
891 1.66730580055688E-5
181 1.66730580055688E-5
227 3.33461160111376E-5
869 1.66730580055688E-5
237 5.00191740167064E-5
813 1.66730580055688E-5
259 1.66730580055688E-5
141 1.1671140603898161E-4
143 8.336529002784401E-5
7 0.018156960168064423
223 1.66730580055688E-5
1035 1.66730580055688E-5
745 3.33461160111376E-5
575 1.66730580055688E-5
1037 1.66730580055688E-5
439 1.66730580055688E-5
151 3.33461160111376E-5
1857 1.66730580055688E-5
101 1.000383480334128E-4
491 1.66730580055688E-5
327 1.66730580055688E-5
593 3.33461160111376E-5
153 8.336529002784401E-5
193 6.66922320222752E-5
319 1.66730580055688E-5
265 1.66730580055688E-5
417 1.66730580055688E-5
105 1.000383480334128E-4
125 1.66730580055688E-5
359 1.66730580055688E-5
65 2.50095870083532E-4
157 1.000383480334128E-4
35 6.835953782283209E-4
2415 1.66730580055688E-5
111 6.66922320222752E-5
175 3.33461160111376E-5
497 1.66730580055688E-5
459 1.66730580055688E-5
941 1.66730580055688E-5
279 3.33461160111376E-5
89 1.1671140603898161E-4
241 1.66730580055688E-5
597 1.66730580055688E-5
103 1.1671140603898161E-4
773 1.66730580055688E-5
199 3.33461160111376E-5
269 8.336529002784401E-5
99 8.336529002784401E-5
145 3.33461160111376E-5
41 4.8351868216149526E-4
253 6.66922320222752E-5
277 1.66730580055688E-5
643 3.33461160111376E-5
2069 1.66730580055688E-5
169 3.33461160111376E-5
53 3.668072761225136E-4
737 1.66730580055688E-5
25 0.0012171332344065224
545 1.66730580055688E-5
213 6.66922320222752E-5
471 1.66730580055688E-5
33 6.502492622171833E-4
23 0.0016172866265401738
797 1.66730580055688E-5
67 1.834036380612568E-4
69 3.3346116011137605E-4
3 0.09717058205645497
135 6.66922320222752E-5
85 1.5005752205011922E-4
405 1.66730580055688E-5
123 5.00191740167064E-5
91 1.000383480334128E-4
431 1.66730580055688E-5
391 1.66730580055688E-5
1713 1.66730580055688E-5
87 2.1674975407239442E-4
271 3.33461160111376E-5
5 0.03629724727812328
177 1.66730580055688E-5
225 1.66730580055688E-5
13 0.005068609633692916
119 1.1671140603898161E-4
189 3.33461160111376E-5
619 1.66730580055688E-5
475 1.66730580055688E-5
287 1.66730580055688E-5
239 1.66730580055688E-5
325 1.66730580055688E-5
407 1.66730580055688E-5
55 3.5013421811694485E-4
757 1.66730580055688E-5
455 1.66730580055688E-5
1023 1.66730580055688E-5
691 1.66730580055688E-5
107 1.1671140603898161E-4
121 5.00191740167064E-5
349 3.33461160111376E-5
3463 1.66730580055688E-5
531 1.66730580055688E-5
75 1.834036380612568E-4
51 3.0011504410023843E-4
219 5.00191740167064E-5
133 8.336529002784401E-5
205 1.66730580055688E-5
45 5.502109141837704E-4
285 1.66730580055688E-5
305 1.66730580055688E-5
563 1.66730580055688E-5
949 1.66730580055688E-5
173 5.00191740167064E-5
183 5.00191740167064E-5
1181 1.66730580055688E-5
1493 1.66730580055688E-5
43 3.834803341280824E-4
1135 1.66730580055688E-5
555 1.66730580055688E-5
159 6.66922320222752E-5
61 1.333844640445504E-4
663 1.66730580055688E-5
47 4.5017256615035765E-4
301 5.00191740167064E-5
485 1.66730580055688E-5
97 1.5005752205011922E-4
281 6.66922320222752E-5
207 1.66730580055688E-5
117 1.5005752205011922E-4
27 0.0010670757123564033
1761 1.66730580055688E-5
257 1.66730580055688E-5
335 1.66730580055688E-5
163 5.00191740167064E-5
377 1.66730580055688E-5
357 1.66730580055688E-5
573 1.66730580055688E-5
209 5.00191740167064E-5
365 1.66730580055688E-5
1123 1.66730580055688E-5
315 5.00191740167064E-5
