1.7854166666666667 0
3.1958333333333333 0
4.94375 0
6.38125 0
2.5104166666666665 0
2.76875 0
6.522916666666666 0
5.345833333333333 0
1.9458333333333333 0
6.25 0
4.985416666666667 0
1.4729166666666667 0
5.09375 2
5.047916666666667 2
6.814583333333333 0
2.08125 0
2.59375 0
3.24375 0
6.335416666666666 0
4.610416666666667 1
5.829166666666667 0
3.433333333333333 0
3.34375 0
6.547916666666667 0
3.3208333333333333 0
2.5625 0
6.4875 0
3.375 0
4.860416666666667 1
7.15625 0
5.96875 0
2.24375 0
6.95625 0
2.752083333333333 0
4.179166666666666 5
5.05 2
5.304166666666666 0
4.55 1
5.975 0
3.8541666666666665 0
2.1125 0
3.3520833333333333 0
1.71875 0
6.004166666666666 1
3.4 0
6.725 0
4.83125 1
2.20625 0
4.439583333333333 1
1.4625 0
3.93125 12
2.308333333333333 0
4.08125 11
5.21875 0
4.710416666666666 1
4.03125 13
4.095833333333333 10
6.033333333333333 0
6.0 1
6.239583333333333 0
5.26875 0
1.0791666666666666 0
4.65625 0
3.70625 0
1.0125 0
2.80625 0
2.275 0
3.7354166666666666 0
5.629166666666666 0
4.129166666666666 9
5.125 2
5.302083333333333 0
2.439583333333333 0
6.05 0
2.6729166666666666 0
4.047916666666667 12
3.21875 0
5.285416666666666 0
6.052083333333333 0
4.302083333333333 3
1.8208333333333333 0
4.052083333333333 11
6.877083333333333 0
3.4791666666666665 0
6.329166666666667 0
6.51875 0
3.033333333333333 1
7.08125 0
4.397916666666666 2
4.125 10
1.59375 0
1.84375 0
1.275 0
3.814583333333333 0
3.1666666666666665 0
4.395833333333333 2
2.5729166666666665 0
4.69375 0
3.783333333333333 0
4.8 1
4 5
2.964583333333333 0
3.59375 0
4.925 1
6.03125 0
1.0604166666666666 0
6.285416666666666 0
4.752083333333333 1
7.129166666666666 0
2.564583333333333 0
1.9895833333333333 0
6.429166666666666 0
6.78125 0
5.208333333333333 0
1.3208333333333333 0
1.21875 0
5.866666666666666 0
3.3 0
5.708333333333333 0
6.06875 1
6.708333333333333 0
3.4145833333333333 0
1.1416666666666666 0
1.8520833333333333 0
3.7895833333333333 0
4.816666666666666 1
2.36875 0
5.266666666666667 0
5.110416666666667 2
5.595833333333333 0
6.970833333333333 0
6.45625 0
1.5979166666666667 0
6.7875 0
3.18125 0
2.74375 0
5.375 0
5.0375 2
4.297916666666667 3
7.047916666666667 0
5.25625 0
4.75 1
1.2541666666666667 0
5.475 0
3.1020833333333333 0
5.270833333333333 0
3.6645833333333333 0
5.958333333333333 1
3.2916666666666665 0
6.70625 0
1.91875 0
6.797916666666667 0
4.88125 1
2.1645833333333333 0
5.172916666666667 0
3.377083333333333 0
5.585416666666666 0
5.645833333333333 0
3.470833333333333 0
2.2604166666666665 0
6.520833333333333 0
4.191666666666666 4
1.5395833333333333 0
4.283333333333333 3
3.158333333333333 0
4.58125 1
1.6604166666666667 0
2.652083333333333 0
1.8916666666666666 0
6.84375 0
3.1104166666666666 0
6.533333333333333 0
5.925 0
2.120833333333333 0
5.689583333333333 0
3.09375 0
4.739583333333333 1
6.9125 0
5.13125 2
7.054166666666666 0
3.4375 0
5.397916666666666 0
4.908333333333333 0
2.2895833333333333 0
3.2125 0
1.98125 0
3.8833333333333333 2
5.364583333333333 0
2.8125 0
1.11875 0
4.802083333333333 1
5.7875 0
1.3416666666666666 0
4.083333333333333 11
5.891666666666667 0
4.429166666666666 1
1.7895833333333333 0
6.064583333333333 0
3.402083333333333 0
1.6145833333333333 0
6.28125 0
6.333333333333333 0
5.220833333333333 0
3.527083333333333 0
2.51875 0
1.775 0
6.766666666666667 0
2.4229166666666666 0
6.047916666666667 1
1.4583333333333333 0
4.45625 2
5.333333333333333 0
4.81875 1
6.625 0
5.316666666666666 0
3.6875 0
6.083333333333333 0
2.002083333333333 0
5.51875 0
7.079166666666667 0
3.2270833333333333 0
6.6 0
1.2625 0
6.21875 0
3.78125 0
4.25625 4
1.2395833333333333 0
3.03125 0
5.847916666666666 0
1.8375 0
6.022916666666666 1
3.8 0
3.11875 0
4.239583333333333 3
5.31875 0
5.6125 0
2.1875 0
3.0104166666666665 0
3.8375 0
5.8625 0
4.56875 1
4.847916666666666 1
1.8958333333333333 0
6.614583333333333 0
1.375 0
4.891666666666667 1
3.095833333333333 0
1.3604166666666666 0
4.208333333333333 4
3.2375 0
2.40625 0
3.525 0
4.016666666666667 14
2.902083333333333 0
2.93125 0
2.7041666666666666 0
2.1979166666666665 0
3.3375 0
4.064583333333333 11
3.8125 0
3.658333333333333 0
5.877083333333333 0
2.9875 0
6.3625 0
6.960416666666666 0
5.8125 0
2.03125 0
3.152083333333333 0
2.2979166666666666 0
1.9375 0
6.422916666666667 0
2.8 0
5.1 2
1.6291666666666667 0
3.189583333333333 0
3.933333333333333 10
6.177083333333333 0
7.06875 0
2.3833333333333333 0
6.5 0
2.314583333333333 0
1.60625 0
2.745833333333333 0
4.6875 1
2.027083333333333 0
1.68125 0
1.74375 0
5.610416666666667 0
2.7666666666666666 0
1.6729166666666666 0
2.8208333333333333 0
3.908333333333333 5
3.275 0
3.65625 0
1.1958333333333333 0
3.15 0
4.520833333333333 1
4.241666666666666 3
1.6916666666666667 0
4.720833333333333 1
6.129166666666666 0
3.0416666666666665 0
3.9541666666666666 12
2.3625 0
6.679166666666666 0
4.09375 9
6.55 0
6.345833333333333 0
2.46875 0
3.308333333333333 0
1.825 0
5.441666666666666 0
5.064583333333333 2
5.58125 0
7.052083333333333 0
1.9 0
6.720833333333333 0
1.6645833333333333 0
2.4479166666666665 0
3.0791666666666666 0
6.20625 0
1.5083333333333333 0
1.5 0
1.7395833333333333 0
5.20625 0
6.40625 0
5.802083333333333 0
3.9625 12
1.8166666666666667 0
6.516666666666667 0
2.1729166666666666 0
3.4541666666666666 0
5.81875 0
5.127083333333333 2
1.7 0
1.18125 0
6.395833333333333 0
2.30625 0
2.4854166666666666 0
5.210416666666666 0
4.766666666666667 1
5.989583333333333 0
6.475 0
5.56875 0
5.835416666666666 0
3.5791666666666666 0
4.89375 1
1.9854166666666666 0
3.9375 10
6.941666666666666 0
1.1291666666666667 0
3.9229166666666666 6
1.0208333333333333 0
7.1125 0
2.4541666666666666 0
5.054166666666666 2
3.1729166666666666 0
6.845833333333333 0
7.14375 0
4.90625 0
4.066666666666666 10
5.879166666666666 0
2.89375 0
4.20625 3
6.552083333333333 0
3.26875 0
2.183333333333333 0
6.864583333333333 0
5.460416666666666 0
1.3729166666666666 0
4.677083333333333 0
5.335416666666666 0
2.68125 0
3.7270833333333333 0
5.035416666666666 2
1.2666666666666666 0
5.614583333333333 0
5.991666666666666 0
2.1666666666666665 0
5.672916666666667 0
5.70625 0
5.066666666666666 2
3.2291666666666665 0
1.6020833333333333 0
4.960416666666666 0
1.55625 0
5.597916666666666 0
3.1979166666666665 0
6.397916666666666 0
2.9625 0
1.4979166666666666 0
3.425 0
2.152083333333333 0
5.225 0
2.277083333333333 0
3.4229166666666666 0
3.925 7
4.0625 10
1.5354166666666667 0
4.454166666666667 2
4.533333333333333 1
1.4541666666666666 0
5.4375 0
3.775 0
4.629166666666666 1
4.314583333333333 3
2.9229166666666666 0
4.422916666666667 2
3.675 0
6.210416666666666 0
2.8291666666666666 0
1.1916666666666667 0
5.85 0
1.7625 0
3.5625 0
2.877083333333333 0
3.6958333333333333 0
4.954166666666667 1
2.5166666666666666 0
4.254166666666666 3
2.495833333333333 0
4.564583333333333 1
5.9125 0
4.991666666666666 1
5.458333333333333 0
1.46875 0
1.5708333333333333 0
6.00625 1
2.0083333333333333 0
5.366666666666666 0
3.533333333333333 0
3.7291666666666665 0
3.7979166666666666 0
2.8541666666666665 0
2.25 0
6.252083333333333 0
1.65625 0
2.7125 0
6.75625 0
4.204166666666667 3
2.0104166666666665 0
3.808333333333333 0
7.020833333333333 0
6.958333333333333 0
4.5625 1
5.616666666666666 0
5.53125 0
4.922916666666667 1
3.339583333333333 0
7.114583333333333 0
1.9270833333333333 0
2.3208333333333333 0
5.677083333333333 0
1.61875 0
3.5166666666666666 0
1.95 0
5.160416666666666 1
6.408333333333333 0
4.75625 1
6.804166666666666 0
7.022916666666666 0
1.1854166666666666 0
1.9625 0
3.1645833333333333 0
4.085416666666666 10
3.870833333333333 2
3.245833333333333 0
3.8291666666666666 0
3.5 0
1.79375 0
4.235416666666667 3
6.489583333333333 0
5.145833333333333 2
3.46875 0
2.61875 0
3.0708333333333333 0
5.929166666666666 0
3.627083333333333 0
4.1 10
1.65 0
6.035416666666666 0
5.004166666666666 2
3.05 0
6.69375 0
5.927083333333333 0
5.804166666666666 0
4.1875 4
5.391666666666667 0
2.3 0
4.754166666666666 1
5.14375 3
1.125 0
2.05625 0
3.9479166666666665 12
6.160416666666666 0
1.8416666666666666 0
4.079166666666667 10
6.08125 0
3.283333333333333 0
4.177083333333333 4
3.55 0
6.179166666666666 0
5.28125 0
5.472916666666666 0
1.9041666666666666 0
5.679166666666666 0
6.01875 0
7.03125 0
3.40625 1
1.16875 0
6.4375 0
5.0625 2
3.2354166666666666 0
6.44375 0
1.3291666666666666 0
4.6125 0
3.8916666666666666 1
3.68125 0
3.370833333333333 0
3.464583333333333 0
2.220833333333333 0
2.8625 0
2.2354166666666666 0
6.770833333333333 0
4.485416666666667 1
1.90625 0
5.470833333333333 0
6.6625 0
1.53125 0
1.5479166666666666 0
3.939583333333333 13
1.96875 0
2.808333333333333 0
4.0 15
1.0395833333333333 0
2.377083333333333 0
3.1416666666666666 0
1.5875 0
5.0 1
4.941666666666666 1
5.579166666666667 0
6.39375 0
1.3020833333333333 0
2.4 0
6.94375 0
6.645833333333333 0
6.366666666666666 0
1.2708333333333333 0
2.09375 0
5.864583333333333 0
2.3520833333333333 0
2.53125 0
5.25 0
4.7875 1
4.71875 1
5.752083333333333 0
5.235416666666667 0
6.0625 0
1.8479166666666667 0
2.527083333333333 0
5.90625 0
6.19375 0
3.5104166666666665 0
1.0979166666666667 0
6.114583333333333 0
6.579166666666667 0
3.8520833333333333 0
4.504166666666666 1
2.6354166666666665 0
5.272916666666666 0
4.28125 3
4.84375 1
4.502083333333333 1
2.9145833333333333 0
6.672916666666667 0
3.64375 0
6.63125 0
3.175 0
2.339583333333333 0
3.4875 0
3.8208333333333333 0
5.491666666666666 0
2.49375 0
2.43125 0
2.8916666666666666 0
4.44375 1
4.910416666666666 1
4.272916666666666 3
4.939583333333333 0
2.7916666666666665 0
6.772916666666666 0
2.4875 0
1.4041666666666666 0
5.814583333333333 0
2.095833333333333 0
6.09375 0
1.0479166666666666 0
1.6458333333333333 0
4.366666666666666 2
3.495833333333333 0
3.845833333333333 0
4.360416666666667 3
4.691666666666666 1
3.0 0
4.21875 4
4.441666666666666 1
6.46875 0
4.114583333333333 10
2.5416666666666665 0
6.816666666666666 0
5.016666666666667 2
1.7791666666666666 0
6.566666666666666 0
6.989583333333333 0
4.51875 1
2.245833333333333 0
5.3 0
3.252083333333333 0
5.908333333333333 0
2.4791666666666665 0
6.485416666666667 0
3.683333333333333 0
3.120833333333333 0
1.2354166666666666 0
2.55 0
2.402083333333333 0
1.6333333333333333 0
2.6666666666666665 0
1.25 0
6.377083333333333 0
4.460416666666666 1
3.83125 0
4.40625 2
4.3625 2
3.55625 0
6.847916666666666 0
4.864583333333333 1
6.254166666666666 0
4.741666666666666 1
6.564583333333333 0
2.0791666666666666 0
6.241666666666666 0
6.860416666666667 0
1.9416666666666667 0
4.9875 0
1.4104166666666667 0
5.00625 2
1.5166666666666666 0
5.022916666666666 2
1.4416666666666667 0
3.6729166666666666 0
1.875 0
3.1333333333333333 0
1.8833333333333333 0
4.022916666666666 13
3.4479166666666665 0
3.99375 11
6.189583333333333 0
6.585416666666666 0
4.004166666666666 14
3.9145833333333333 6
5.222916666666666 0
1.66875 0
1.0708333333333333 0
1.43125 0
6.502083333333333 0
6.689583333333333 0
6.1625 0
2.95625 0
1.625 0
4.625 1
4.647916666666666 0
4.333333333333333 2
7.147916666666666 0
4.34375 3
2.83125 0
2.408333333333333 0
3.8229166666666665 0
6.96875 0
6.879166666666666 0
6.095833333333333 0
2.9541666666666666 0
6.079166666666667 0
4.110416666666667 12
6.554166666666666 0
6.054166666666666 1
3.025 0
6.1875 0
1.99375 0
1.6875 0
3.20625 0
1.45 0
2.0625 0
2.01875 0
4.96875 1
1.4666666666666666 0
4.470833333333333 1
2.470833333333333 0
6.4125 0
3.3916666666666666 0
4.516666666666667 1
6.470833333333333 0
5.33125 0
4.5 0
6.75 0
5.533333333333333 0
5.5375 0
1.1645833333333333 0
4.70625 1
6.379166666666666 0
1.3520833333333333 0
5.8 0
5.410416666666666 0
1.8875 0
4.160416666666666 4
4.147916666666666 9
1.2479166666666666 0
3.620833333333333 0
2.34375 0
2.3291666666666666 0
6.53125 0
3.002083333333333 0
1.9541666666666666 0
3.5083333333333333 0
4.866666666666666 1
2.252083333333333 0
2.99375 0
7.05 0
6.595833333333333 0
6.89375 0
1.9979166666666666 0
1.8020833333333333 0
5.725 0
5.554166666666666 0
7.116666666666666 0
1.075 0
4.970833333333333 1
4.927083333333333 1
5.489583333333333 0
6.266666666666667 0
4.425 2
1.4270833333333333 0
7.083333333333333 0
2.127083333333333 0
1.7354166666666666 0
3.5729166666666665 0
4.189583333333333 4
6.085416666666666 0
3.4854166666666666 0
1.5625 0
5.422916666666667 0
4.78125 1
1.1020833333333333 0
4.897916666666666 1
4.116666666666666 10
3.9791666666666665 13
5.772916666666666 0
2.15625 0
4.427083333333333 2
6.535416666666666 0
4.735416666666667 1
5.910416666666666 0
1.2979166666666666 0
6.922916666666667 0
1.2854166666666667 0
6.829166666666667 0
4.252083333333333 3
2.064583333333333 0
5.76875 0
4.53125 1
2.1354166666666665 0
7.035416666666666 0
2.3854166666666665 0
4.658333333333333 1
4.377083333333333 2
4.85 1
5.2375 0
2.6020833333333333 0
4.579166666666667 1
4.660416666666666 0
1.1604166666666667 0
3.3625 0
4.585416666666666 1
4.3125 3
6.3125 0
3.3229166666666665 0
4.05 12
1.025 0
1.3875 0
4.033333333333333 14
3.345833333333333 0
3.9770833333333333 13
1.8333333333333333 0
6.739583333333333 0
3.6416666666666666 0
5.897916666666666 0
1.7229166666666667 0
6.316666666666666 0
6.283333333333333 0
5.129166666666666 2
5.204166666666667 1
2.2583333333333333 0
2.9854166666666666 0
5.95625 0
4.522916666666666 1
6.90625 0
6.785416666666666 0
1.4458333333333333 0
3.58125 0
4.722916666666666 1
1.80625 0
3.51875 0
3.995833333333333 9
6.833333333333333 0
5.516666666666667 0
4.566666666666666 1
3.08125 0
2.058333333333333 0
4.335416666666666 3
3.064583333333333 0
4.145833333333333 9
4.266666666666667 4
3.7916666666666665 0
1.4 0
2.8375 0
4.5375 1
3.61875 0
1.1729166666666666 0
3.902083333333333 4
3.84375 0
4.879166666666666 1
4.097916666666666 10
3.0083333333333333 0
6.15625 0
5.116666666666666 2
2.433333333333333 0
1.1458333333333333 0
2.90625 0
2.089583333333333 0
2.370833333333333 0
6.85 0
7.002083333333333 0
5.114583333333333 2
3.564583333333333 0
2.58125 0
5.329166666666667 0
4.583333333333333 1
3.1875 0
3.96875 10
3.3541666666666665 0
5.35 0
5.954166666666667 0
4.25 3
5.71875 0
6.59375 0
2.720833333333333 0
5.797916666666667 0
6.439583333333333 0
2.1104166666666666 0
1.75 0
4.472916666666666 1
3.714583333333333 0
7.127083333333333 0
5.89375 0
4.491666666666666 1
4.675 0
5.922916666666667 0
6.31875 0
6.375 0
2.5395833333333333 0
3.1354166666666665 0
3.71875 0
4.222916666666666 4
2.9770833333333333 0
4.364583333333333 3
5.085416666666666 2
3.595833333333333 0
1.9583333333333333 0
5.9875 0
7.145833333333333 0
1.7083333333333333 0
1.1541666666666666 0
6.629166666666666 0
5.39375 0
4.783333333333333 1
6.172916666666667 0
1.1104166666666666 0
7.0625 0
2.2916666666666665 0
4.329166666666667 3
4.829166666666667 1
7.0 0
6.0375 0
2.970833333333333 0
3.90625 5
1.5208333333333333 0
2.6979166666666665 0
2.5875 0
1.35625 0
3.05625 0
6.347916666666666 0
1.0625 0
5.002083333333333 2
6.33125 0
5.65625 0
1.15625 0
5.547916666666667 0
4.7375 1
4.76875 1
3.5395833333333333 0
1.30625 0
4.552083333333333 3
1.9229166666666666 0
6.425 0
5.379166666666666 0
5.360416666666667 0
6.752083333333333 0
7.097916666666666 0
1.24375 0
3.36875 0
3.89375 2
1.1875 0
2.3375 0
6.65625 0
5.660416666666666 0
4.4125 2
1.2 0
5.083333333333333 2
5.4125 0
2.283333333333333 0
6.141666666666667 0
2.39375 0
3.6333333333333333 0
4.035416666666666 13
1.3645833333333333 0
3.089583333333333 0
6.677083333333333 0
4.672916666666667 1
1.10625 0
2.875 0
2.995833333333333 0
2.125 0
2.55625 0
2.6645833333333333 0
5.08125 2
6.895833333333333 0
4.33125 2
4.770833333333333 1
6.627083333333333 0
3.1125 0
1.3479166666666667 0
2.214583333333333 0
5.766666666666667 0
5.785416666666666 0
6.929166666666666 0
5.254166666666666 0
4.158333333333333 7
2.5083333333333333 0
6.704166666666667 0
5.64375 0
4.989583333333333 0
3.2604166666666665 0
5.50625 0
5.427083333333333 0
1.2583333333333333 0
3.2583333333333333 0
3.689583333333333 0
6.891666666666667 0
5.75625 0
7.141666666666667 0
6.127083333333333 0
4.19375 3
6.754166666666666 0
5.972916666666666 0
3.720833333333333 0
5.704166666666667 0
3.4770833333333333 0
6.6125 0
7.00625 0
5.179166666666666 1
6.991666666666666 0
5.40625 0
1.5041666666666667 0
2.1333333333333333 0
4.26875 4
2.75 0
6.972916666666666 0
6.56875 0
2.65625 0
4.814583333333333 1
1.49375 0
2.8854166666666665 0
1.5666666666666667 0
1.2083333333333333 0
2.86875 0
4.14375 9
1.0166666666666666 0
6.2375 0
5.241666666666666 0
2.64375 0
6.597916666666666 0
3.4458333333333333 0
5.59375 0
5.88125 0
6.866666666666666 0
4.645833333333333 0
3.6125 0
5.710416666666666 0
5.939583333333333 0
4.13125 9
4.614583333333333 1
2.9479166666666665 0
2.1041666666666665 0
5.552083333333333 0
6.002083333333333 0
6.2875 0
5.314583333333333 0
4.379166666666666 2
5.860416666666667 0
3.5708333333333333 0
1.86875 0
2.589583333333333 0
5.75 0
5.985416666666667 0
1.8104166666666666 0
4.1125 11
2.658333333333333 0
4.708333333333333 1
1.7125 0
3.25 0
4.689583333333333 0
5.377083333333333 0
4.316666666666666 2
2.21875 0
3.80625 0
3.6354166666666665 0
2.33125 0
3.1041666666666665 0
4.95625 1
1.6958333333333333 0
2.175 0
5.141666666666667 2
2.0479166666666666 0
6.364583333333333 0
5.970833333333333 0
5.297916666666667 0
6.9875 0
2.8604166666666666 0
3.65 0
3.3854166666666665 0
2.777083333333333 0
4.59375 1
5.83125 0
1.5520833333333333 0
2.675 0
3.3291666666666666 0
5.84375 0
5.095833333333333 2
4.2875 3
1.7166666666666666 0
1.8604166666666666 0
6.741666666666666 0
5.675 0
1.9666666666666666 0
3.3604166666666666 0
6.270833333333333 0
2.033333333333333 0
3.214583333333333 0
3.9166666666666665 8
1.15 0
5.395833333333333 0
2.689583333333333 0
6.25625 0
2.15 0
1.3958333333333333 0
5.78125 0
1.0833333333333333 0
2.3604166666666666 0
2.620833333333333 0
5.895833333333333 0
6.454166666666667 0
7.033333333333333 0
4.210416666666666 3
4.127083333333333 10
6.302083333333333 0
1.2229166666666667 0
3.127083333333333 0
5.19375 0
6.34375 0
6.735416666666667 0
2.6875 0
5.1125 2
4.895833333333333 1
1.6104166666666666 0
3.0479166666666666 0
1.2270833333333333 0
5.625 0
1.1145833333333333 0
4.845833333333333 1
1.7708333333333333 0
1.40625 0
2.4145833333333333 0
5.44375 0
6.50625 0
6.220833333333333 0
4.270833333333333 3
1.4354166666666666 0
5.052083333333333 2
7.110416666666667 0
4.2375 3
3.14375 0
5.63125 0
1.5604166666666666 0
2.714583333333333 0
4.6 1
5.1625 1
2.7604166666666665 0
5.439583333333333 0
6.066666666666666 0
5.06875 2
3.9458333333333333 12
5.189583333333333 1
4.704166666666667 1
5.502083333333333 0
6.020833333333333 0
1.03125 0
5.647916666666666 0
6.691666666666666 0
4.9375 0
3.0395833333333333 0
1.2125 0
2.814583333333333 0
6.658333333333333 0
6.158333333333333 0
3.86875 2
2.6958333333333333 0
1.36875 0
6.64375 0
2.45625 0
3.53125 0
2.595833333333333 0
4.1625 4
3.7125 0
5.5625 0
1.28125 0
5.754166666666666 0
5.38125 0
6.783333333333333 0
2.525 0
2.425 0
6.83125 0
2.0395833333333333 0
1.1333333333333333 0
4.225 3
3.408333333333333 0
3.01875 0
4.054166666666666 12
2.6333333333333333 0
7.01875 0
1.7041666666666666 0
2.839583333333333 0
1.3375 0
4.595833333333333 1
1.5291666666666666 0
2.8833333333333333 0
7.085416666666666 0
2.7291666666666665 0
5.94375 0
2.6041666666666665 0
2.3916666666666666 0
1.1229166666666666 0
5.2875 0
6.272916666666666 0
4.31875 3
6.460416666666666 0
6.9375 0
4.46875 1
3.314583333333333 0
6.76875 0
3.777083333333333 0
2.4166666666666665 0
4.641666666666667 1
4.6625 0
4.375 3
5.941666666666666 0
6.985416666666667 0
4.175 4
3.0625 0
3.6104166666666666 0
2.4625 0
5.408333333333333 0
3.277083333333333 0
5.34375 0
2.533333333333333 0
6.208333333333333 0
2.925 0
4.38125 2
5.7375 0
1.5125 0
3.43125 0
3.183333333333333 0
1.3791666666666667 0
2.025 0
2.96875 0
3.875 2
2.4375 0
1.05625 0
6.458333333333333 0
6.8 0
2.158333333333333 0
4.4875 1
2.775 0
2.8520833333333333 0
5.147916666666666 2
2.783333333333333 0
2.9166666666666665 0
6.81875 0
4.408333333333333 2
5.658333333333333 0
6.097916666666666 0
6.1125 0
3.6020833333333333 0
3.4625 0
6.710416666666666 0
2.9791666666666665 0
2.845833333333333 0
1.4375 0
1.525 0
5.535416666666666 0
5.485416666666667 0
6.14375 0
5.691666666666666 0
1.9770833333333333 0
6.410416666666666 0
5.079166666666667 3
3.2041666666666666 0
4.458333333333333 2
6.58125 0
1.34375 0
6.954166666666667 0
4.8625 1
3.3125 0
4.50625 1
5.583333333333333 0
4.172916666666667 5
3.45625 0
4.35 3
5.033333333333333 2
6.616666666666666 0
7.09375 0
3.5416666666666665 0
6.910416666666666 0
2.7270833333333333 0
2.933333333333333 0
3.6041666666666665 0
7.125 0
2.7895833333333333 0
6.647916666666666 0
6.147916666666666 0
4.475 1
2.6416666666666666 0
2.0416666666666665 0
1.9729166666666667 0
4.345833333333333 3
1.2041666666666666 0
1.3125 0
2.2125 0
2.71875 0
6.360416666666667 0
6.491666666666666 0
6.125 0
6.26875 0
6.427083333333333 0
5.816666666666666 0
1.7979166666666666 0
1.7541666666666667 0
1.7270833333333333 0
7.095833333333333 0
6.441666666666666 0
2.625 0
3.752083333333333 0
2.375 0
2.5 0
1.4854166666666666 0
5.5 0
5.454166666666667 0
5.15625 2
4.547916666666667 1
4.804166666666666 1
3.745833333333333 0
2.2291666666666665 0
1.9145833333333333 0
6.204166666666667 0
6.875 0
1.3166666666666667 0
4.535416666666666 1
1.4229166666666666 0
7.064583333333333 0
1.0916666666666666 0
3.7375 0
2.1416666666666666 0
2.05 0
6.925 0
1.09375 0
4.0375 12
6.35 0
4.554166666666666 1
1.78125 0
5.55 0
2.502083333333333 0
6.610416666666667 0
4.06875 10
4.833333333333333 1
4.020833333333333 13
5.3125 0
5.177083333333333 1
3.74375 0
1.8645833333333333 0
2.3125 0
1.6770833333333333 0
5.020833333333333 2
3.3833333333333333 0
1.8291666666666666 0
7.158333333333333 0
1.9354166666666666 0
3.0166666666666666 0
1.7666666666666666 0
5.735416666666667 0
3.8625 1
3.9854166666666666 12
5.175 0
3.558333333333333 0
2.0166666666666666 0
1.5791666666666666 0
4.489583333333333 1
4.958333333333333 1
2.4458333333333333 0
3.5875 0
5.739583333333333 0
2.0875 0
7.004166666666666 0
2.2375 0
4.772916666666666 1
3.220833333333333 0
4.00625 15
5.69375 0
3.2979166666666666 0
2.9375 0
4.410416666666666 1
6.222916666666666 0
6.71875 0
5.833333333333333 0
1.9104166666666667 0
1.7583333333333333 0
5.520833333333333 0
5.720833333333333 0
5.097916666666666 2
6.660416666666666 0
5.960416666666666 1
2.908333333333333 0
6.7375 0
2.11875 0
3.8604166666666666 1
7.13125 0
2.7375 0
2.7979166666666666 0
2.9 0
6.8625 0
3.76875 0
5.45625 0
3.439583333333333 0
5.347916666666666 0
6.13125 0
2.464583333333333 0
4.220833333333333 4
2.1020833333333333 0
5.741666666666666 0
5.6625 0
1.8729166666666666 0
2.683333333333333 0
6.675 0
2.7354166666666666 0
3.502083333333333 0
2.4770833333333333 0
1.8125 0
5.158333333333333 1
5.01875 2
1.85625 0
3.058333333333333 0
4.01875 13
3.0875 0
5.564583333333333 0
3.6979166666666665 0
2.9458333333333333 0
5.770833333333333 0
6.5375 0
2.2666666666666666 0
4.725 1
6.835416666666666 0
5.191666666666666 1
5.845833333333333 0
2.0 0
5.627083333333333 0
2.2041666666666666 0
2.84375 0
6.304166666666666 0
4.64375 0
1.7479166666666666 0
2.3229166666666665 0
3.0729166666666665 0
7.1 0
4.39375 2
1.5833333333333333 0
3.970833333333333 11
6.016666666666667 0
1.3104166666666666 0
1.6416666666666666 0
4.15625 9
2.189583333333333 0
4.835416666666666 1
1.93125 0
6.641666666666667 0
3.125 0
6.583333333333333 0
3.964583333333333 12
2.0708333333333333 0
1.6375 0
3.95625 13
6.897916666666666 0
5.252083333333333 0
4.975 0
1.54375 0
3.9 3
5.566666666666666 0
4.679166666666666 0
4.785416666666666 1
6.175 0
1.6854166666666666 0
3.49375 0
6.314583333333333 0
1.2166666666666666 0
2.6104166666666666 0
5.46875 0
3.30625 0
5.641666666666667 0
2.870833333333333 0
5.6 0
6.1 0
7.0375 0
6.472916666666666 0
3.027083333333333 0
1.5916666666666666 0
5.03125 2
6.908333333333333 0
1.1375 0
4.597916666666666 1
4.797916666666667 1
5.783333333333333 0
5.283333333333333 0
4.627083333333333 1
3.8854166666666665 1
5.429166666666666 0
6.110416666666667 0
3.7604166666666665 0
2.5479166666666666 0
2.6125 0
4.63125 0
4.972916666666666 0
6.927083333333333 0
2.558333333333333 0
4.391666666666667 2
3.28125 0
3.625 0
1.6541666666666666 0
4.875 1
7.066666666666666 0
1.4770833333333333 0
6.225 0
6.3 0
6.145833333333333 0
6.8125 0
4.141666666666667 9
1.0291666666666666 0
4.002083333333333 16
5.4875 0
3.15625 0
2.5708333333333333 0
1.6229166666666666 0
1.04375 0
4.8125 1
3.877083333333333 2
2.627083333333333 0
5.239583333333333 0
2.2270833333333333 0
6.722916666666666 0
5.504166666666666 0
6.504166666666666 0
6.6875 0
5.3625 0
1.48125 0
3.5479166666666666 0
2.939583333333333 0
1.575 0
3.75 0
5.6875 0
4.877083333333333 1
1.8791666666666667 0
5.1875 0
4.3 3
5.722916666666666 0
3.39375 0
2.3541666666666665 0
1.4145833333333333 0
3.7666666666666666 0
2.8229166666666665 0
3.2666666666666666 0
6.975 0
6.116666666666666 0
4.347916666666666 3
4.285416666666666 3
3.7583333333333333 0
6.297916666666667 0
3.33125 0
2.26875 0
4.304166666666666 3
6.88125 0
3.2895833333333333 0
3.9875 12
2.65 0
5.425 0
7.016666666666667 0
3.6666666666666665 0
2.1958333333333333 0
5.9375 0
3.589583333333333 0
4.616666666666666 1
6.939583333333333 0
2.14375 0
1.3333333333333333 0
3.4166666666666665 0
6.391666666666667 0
5.522916666666666 0
2.345833333333333 0
3.839583333333333 0
6.802083333333333 0
6.235416666666667 0
2.70625 0
1.41875 0
2.5791666666666666 0
2.0729166666666665 0
4.9125 1
2.28125 0
3.7041666666666666 0
6.191666666666666 0
2.7583333333333333 0
1.73125 0
1.0520833333333333 0
6.5625 0
2.78125 0
4.929166666666666 0
4.4375 1
3.652083333333333 0
5.875 0
2.18125 0
1.5854166666666667 0
1.6583333333333334 0
3.160416666666667 0
2.435416666666667 0
4.23125 3
4.233333333333333 3
1.3145833333333334 0
5.5875 0
6.9625 0
4.541666666666667 1
2.6 0
2.935416666666667 0
6.05625 1
3.50625 0
3.2104166666666667 0
3.2395833333333335 0
1.9708333333333334 0
6.98125 0
2.472916666666667 0
3.13125 0
4.104166666666667 10
6.452083333333333 0
5.529166666666667 0
2.191666666666667 0
3.9208333333333334 7
1.1625 0
2.379166666666667 0
1.1833333333333333 0
3.935416666666667 11
1 0
5.6375 0
1.0375 0
4.416666666666667 1
2.185416666666667 0
1.0333333333333334 0
2.4583333333333335 0
6.858333333333333 0
6.758333333333334 0
7.010416666666667 0
1.8854166666666667 0
1.5416666666666667 0
3.8666666666666667 1
2.1479166666666667 0
5.602083333333334 0
3.7020833333333334 0
1.3270833333333334 0
2.7708333333333335 0
1.975 0
2.1395833333333334 0
3.1708333333333334 0
4.2625 3
2.0375 0
2.1083333333333334 0
1.2145833333333333 0
1.9833333333333334 0
5.277083333333334 2
3.316666666666667 0
5.383333333333334 0
5.027083333333334 2
3.9291666666666667 7
2.2958333333333334 0
1.6270833333333334 0
2.4125 0
1.9166666666666667 0
7.11875 0
1.425 0
4.979166666666667 1
6.604166666666667 0
5.202083333333333 0
3.66875 0
4.120833333333334 11
5.102083333333334 2
3.435416666666667 0
2.779166666666667 0
1.2416666666666667 0
2.3895833333333334 0
6.695833333333334 0
5.633333333333334 0
2.41875 0
2.7875 0
4.308333333333334 3
7.0875 0
5.229166666666667 0
5.841666666666667 0
6.170833333333333 0
1.8229166666666667 0
6.089583333333334 0
2.56875 0
1.8666666666666667 0
6.839583333333334 0
5.447916666666667 0
1.6 0
1.6208333333333333 0
5.608333333333333 0
6.247916666666667 0
2.6791666666666667 0
5.55625 0
6.479166666666667 0
2.5208333333333335 0
5.933333333333334 0
6.45 0
4.654166666666667 1
7.139583333333333 0
3.075 0
5.039583333333334 2
2.904166666666667 0
1.8270833333333334 0
3.25625 0
5.404166666666667 0
3.410416666666667 0
6.635416666666667 0
5.195833333333334 0
6.29375 0
5.5125 0
2.94375 0
5.61875 0
2.69375 0
2.2395833333333335 0
7.122916666666667 0
3.825 0
5.135416666666667 2
5.352083333333334 0
5.9 0
4.279166666666667 3
6.608333333333333 0
2.285416666666667 0
2.1625 0
5.591666666666667 0
6.404166666666667 0
3.6458333333333335 0
3.2083333333333335 0
1.6125 0
2.10625 0
1.89375 0
7.025 0
5.525 0
5.1375 2
3.5229166666666667 0
6.983333333333333 0
5.108333333333333 2
5.65 0
2.1145833333333335 0
6.95 0
1.1125 0
4.058333333333334 11
1.8979166666666667 0
4.229166666666667 4
1.81875 0
2.8958333333333335 0
2.9291666666666667 0
2.8666666666666667 0
1.3041666666666667 0
4.622916666666667 1
2.13125 0
7 0
1.1354166666666667 0
6.477083333333334 0
6.039583333333334 0
3.3979166666666667 0
6.820833333333334 0
1.8083333333333333 0
3.0375 0
2.910416666666667 0
2.0520833333333335 0
1.5229166666666667 0
5.008333333333334 2
3.5458333333333334 0
4.402083333333334 2
4.227083333333334 3
3.404166666666667 0
3.475 0
2.8020833333333335 0
2.2083333333333335 0
4.3375 2
1.4479166666666667 0
1.8895833333333334 0
3.0520833333333335 0
4.258333333333334 3
3.8875 1
6.11875 0
1.5270833333333333 0
4.327083333333333 3
4.54375 0
4.666666666666667 0
4.320833333333334 3
6.652083333333334 0
3.3354166666666667 0
5.370833333333334 0
5.45 0
3.004166666666667 0
5.947916666666667 0
1.4125 0
6.810416666666667 0
4.885416666666667 1
3.060416666666667 0
4.433333333333334 1
2.2333333333333334 0
3.7958333333333334 0
1.8145833333333334 0
3.1083333333333334 0
1.2104166666666667 0
4.245833333333334 3
2.66875 0
3.225 0
2.066666666666667 0
6.5125 0
3.504166666666667 0
5.527083333333334 0
6.122916666666667 0
1.2520833333333334 0
3.347916666666667 0
4.36875 3
2.7 0
6.622916666666667 0
4.372916666666667 3
2.5833333333333335 0
6.495833333333334 0
4.277083333333334 3
1.6354166666666667 0
1.3583333333333334 0
1.2645833333333334 0
2.4520833333333334 0
1.4916666666666667 0
1.6979166666666667 0
1.9125 0
6.48125 0
6.2 0
6.977083333333334 0
3.29375 0
5.7 0
4.466666666666667 1
2.6375 0
2.529166666666667 0
4.914583333333334 0
4.935416666666667 0
2.5125 0
5.04375 2
5.214583333333334 0
3.816666666666667 0
2.4895833333333335 0
3.04375 0
2.279166666666667 0
3.997916666666667 10
2.6145833333333335 0
4.98125 1
3 4
6.245833333333334 0
6.65 0
5.166666666666667 1
7.04375 0
3.122916666666667 0
1.6833333333333333 0
2.0125 0
4.291666666666667 3
5.839583333333334 0
4.108333333333333 10
1.6625 0
3.497916666666667 0
5.95 0
6.195833333333334 0
1.63125 0
1.4083333333333334 0
2.5375 0
6.570833333333334 0
3.95 13
4.6375 1
6.3875 0
3.7 0
2.747916666666667 0
4.420833333333333 2
4.795833333333333 1
1.20625 0
2.23125 0
7.014583333333333 0
7.10625 0
4.572916666666667 1
6.008333333333334 1
3.3270833333333334 0
5.43125 0
2.9208333333333334 0
6.74375 0
5.15 2
6.995833333333334 0
7.120833333333334 0
2.122916666666667 0
2.0770833333333334 0
2.1791666666666667 0
3.029166666666667 0
5.810416666666667 0
3.3895833333333334 0
3.5833333333333335 0
6.79375 0
1.725 0
4.508333333333334 1
1.0416666666666667 0
5.104166666666667 2
4.777083333333334 1
2.129166666666667 0
1.7416666666666667 0
5.683333333333334 0
2.841666666666667 0
1.2458333333333333 0
3.091666666666667 0
4.560416666666667 1
4.45 1
5.133333333333334 2
6.935416666666667 0
4.60625 1
1.9875 0
2.8875 0
6.0125 0
4.95 1
4.791666666666667 1
2.3041666666666667 0
2.7625 0
6.341666666666667 0
2.9125 0
7.108333333333333 0
2.941666666666667 0
1.4875 0
7.077083333333333 0
5.23125 0
6.602083333333334 0
3.2875 0
4.077083333333333 10
5.322916666666667 0
6.058333333333334 0
1.55 0
6.075 0
2.7333333333333334 0
5.247916666666667 0
2.3958333333333335 0
3.1791666666666667 0
6.325 0
3.8645833333333335 1
2.035416666666667 0
3.10625 0
6.275 0
7.0125 0
3.310416666666667 0
6.420833333333333 0
3.6375 0
5.7625 0
1.19375 0
1.3229166666666667 0
4.7625 1
1.1083333333333334 0
4.3875 2
5.060416666666667 2
5.295833333333333 0
3.7083333333333335 0
3.5541666666666667 0
4.545833333333333 0
4.43125 1
6.670833333333333 0
6.789583333333334 0
4.10625 10
1.2291666666666667 0
3.566666666666667 0
6.04375 0
3.1458333333333335 0
7.075 0
6.233333333333333 0
6.73125 0
5.902083333333334 0
5.170833333333333 1
2.19375 0
6.733333333333333 0
3.88125 2
5.289583333333334 0
2.004166666666667 0
1.95625 0
3.191666666666667 0
4.7 1
5.779166666666667 0
6.9 0
6.077083333333333 0
3.4833333333333334 0
3.6479166666666667 0
3.1145833333333335 0
3.472916666666667 0
3.9583333333333335 13
5.420833333333333 0
6.572916666666667 0
5.05625 2
4.452083333333333 1
5.808333333333334 0
1.4645833333333333 0
4.4625 1
5.760416666666667 0
4.55625 1
6.433333333333334 0
6.777083333333334 0
5.358333333333333 0
2.247916666666667 0
4.570833333333334 1
1.7208333333333334 0
4.697916666666667 1
4.166666666666667 4
4.670833333333333 0
5.854166666666667 0
3.4916666666666667 0
1.7833333333333334 0
6.010416666666667 1
1.6083333333333334 0
3.85625 1
4.295833333333333 3
4.93125 0
6.310416666666667 0
2.060416666666667 0
1.9208333333333334 0
3.5854166666666667 0
2.9895833333333335 0
4.852083333333334 1
3.1375 0
5.997916666666667 0
4.383333333333334 2
3.38125 0
1.45625 0
2.475 0
7.1375 0
1.5375 0
2.466666666666667 0
2.44375 0
3.722916666666667 0
3.56875 0
3.81875 0
6.60625 0
4.48125 1
7.008333333333334 0
2.654166666666667 0
5.73125 0
5.983333333333333 0
3.872916666666667 2
5.477083333333334 0
4.260416666666667 3
2.9520833333333334 0
1.7020833333333334 0
2.4604166666666667 0
2.629166666666667 0
5.264583333333333 0
5.945833333333334 0
2.63125 0
5.825 0
7.05625 0
4.370833333333334 3
4.685416666666667 1
6.49375 0
6.322916666666667 0
5.372916666666667 0
6.18125 0
5.764583333333333 0
3.7645833333333334 0
4.86875 1
7.135416666666667 0
4.152083333333334 9
2.404166666666667 0
1.2020833333333334 0
1.7291666666666667 0
3.535416666666667 0
2.3979166666666667 0
2.2 0
5.185416666666667 1
4.997916666666667 1
5.8875 0
1.3541666666666667 0
5.702083333333333 0
7.027083333333334 0
7.091666666666667 0
5.85625 0
2.9604166666666667 0
4.920833333333333 1
4.05625 11
4.354166666666667 2
2.341666666666667 0
5.260416666666667 0
2.160416666666667 0
1.1708333333333334 0
5.416666666666667 0
5.93125 0
5.714583333333334 0
5.495833333333334 0
5.041666666666667 2
2.597916666666667 0
3.3020833333333335 0
4.2 3
6.320833333333334 0
5.445833333333334 0
1.70625 0
5.479166666666667 0
2.325 0
6.933333333333334 0
5.510416666666667 0
4.729166666666667 1
6.183333333333334 0
7.154166666666667 0
3.341666666666667 0
3.6791666666666667 0
5.74375 0
6.54375 0
4.933333333333334 1
4.608333333333333 1
6.227083333333334 0
1.8708333333333333 0
3.3958333333333335 0
4.183333333333334 4
1.1583333333333334 0
2.04375 0
2.85625 0
1.05 0
6.416666666666667 0
1.1479166666666667 0
5.872916666666667 0
2.1770833333333335 0
6.166666666666667 0
2.3020833333333335 0
2.6708333333333334 0
4.514583333333333 1
6.070833333333334 0
2.95 0
4.602083333333334 1
3.910416666666667 5
2.48125 0
2.3875 0
6.133333333333334 0
1.51875 0
4.089583333333334 11
6.135416666666667 0
1.5583333333333333 0
2.872916666666667 0
4.841666666666667 1
6.0875 0
3.466666666666667 0
6.216666666666667 0
4.664583333333334 0
4.014583333333333 13
4.73125 1
6.841666666666667 0
4.24375 3
2.3645833333333335 0
5.66875 0
6.920833333333333 0
6.904166666666667 0
5.670833333333333 0
5.058333333333334 2
7.041666666666667 0
4.102083333333334 11
6.791666666666667 0
3.5375 0
3.975 12
2.497916666666667 0
4.2125 4
4.747916666666667 1
6.291666666666667 0
5.729166666666667 0
4.825 1
3.660416666666667 0
3.8958333333333335 2
4.85625 1
4.289583333333334 3
5.4625 0
5.852083333333334 0
6.120833333333334 0
1.8625 0
4.9625 1
6.4625 0
3.372916666666667 0
5.24375 0
4.604166666666667 1
2.29375 0
5.935416666666667 0
4.352083333333334 3
1.925 0
1.6395833333333334 0
3.8895833333333334 2
3.560416666666667 0
2.2020833333333334 0
5.508333333333334 0
6.714583333333334 0
6.620833333333334 0
6.527083333333334 0
2.410416666666667 0
1.7333333333333334 0
4.527083333333334 1
6.025 0
3.1770833333333335 0
4.385416666666667 2
2.2645833333333334 0
5.014583333333333 2
1.64375 0
6.916666666666667 0
6.80625 0
6.589583333333334 0
5.795833333333333 0
2.254166666666667 0
1.0541666666666667 0
3.216666666666667 0
4.591666666666667 1
4.91875 1
1.5770833333333334 0
6.185416666666667 0
6.264583333333333 0
4.091666666666667 10
4.727083333333334 1
4.789583333333334 1
5.433333333333334 0
3.4604166666666667 0
3.5145833333333334 0
6.339583333333334 0
5 2
1.56875 0
4.854166666666667 1
4.714583333333334 1
3.629166666666667 0
3.7708333333333335 0
3.8583333333333334 1
5.964583333333334 1
4.010416666666667 14
6.289583333333334 0
4.904166666666667 1
6.260416666666667 0
3.19375 0
1.06875 0
4.872916666666667 1
4.075 11
2.4270833333333335 0
4.135416666666667 10
5.077083333333333 2
5.60625 0
4.529166666666667 1
2.816666666666667 0
4.966666666666667 1
5.695833333333334 0
5.310416666666667 0
1.5333333333333334 0
6.883333333333334 0
2.8583333333333334 0
2.7729166666666667 0
6.633333333333334 0
5.29375 0
5.18125 1
2.1166666666666667 0
4.164583333333334 4
4.29375 3
2.8354166666666667 0
7.029166666666667 0
5.279166666666667 0
4.733333333333333 1
4.464583333333334 1
6.66875 0
3.00625 0
4.977083333333334 1
6.55625 0
5.30625 0
2.31875 0
2.966666666666667 0
3.9520833333333334 12
2.3583333333333334 0
2.9583333333333335 0
4.902083333333334 1
3.16875 0
5.885416666666667 0
5.733333333333333 0
3.6083333333333334 0
3.2645833333333334 0
1.5145833333333334 0
3.2625 0
3.185416666666667 0
6.86875 0
3.6770833333333335 0
1.3979166666666667 0
4.810416666666667 1
4.497916666666667 1
4.558333333333334 1
3.4291666666666667 0
7.039583333333334 0
2.154166666666667 0
5.120833333333334 2
4.18125 4
6.822916666666667 0
4.122916666666667 10
3.3875 0
4.79375 1
1.6666666666666667 0
4.025 14
6.575 0
6.23125 0
4.99375 0
5.2625 0
4.11875 10
6.35625 0
5.070833333333334 2
1.25625 0
1.1979166666666667 0
3.6625 0
6.545833333333333 0
4.060416666666667 11
2.9270833333333335 0
6.7625 0
4.49375 1
1.4208333333333334 0
5.216666666666667 0
2.566666666666667 0
1.0145833333333334 0
2.88125 0
2.091666666666667 0
2.2625 0
3.4520833333333334 0
6.1375 0
3.6145833333333335 0
1.3083333333333333 0
5.3375 0
4.758333333333334 1
4.883333333333334 1
5.858333333333333 0
5.666666666666667 0
5.183333333333334 1
4.65 1
3.1166666666666667 0
4.04375 12
6.745833333333334 0
2.73125 0
3.48125 0
5.789583333333334 0
2.972916666666667 0
1.08125 0
3.23125 0
5.8375 0
5.68125 0
6.889583333333333 0
1.9020833333333333 0
3.7625 0
3.0125 0
2.0833333333333335 0
6.8875 0
1.9645833333333333 0
4.5875 1
1.5020833333333334 0
3.44375 0
5.11875 2
1.1 0
4.275 3
5.870833333333334 0
2.975 0
6.139583333333333 0
4.216666666666667 4
5.010416666666667 3
3.8333333333333335 0
4.154166666666667 9
1.3770833333333334 0
4.495833333333334 1
2.8041666666666667 0
3.254166666666667 0
3.7395833333333335 0
2.5520833333333335 0
4.414583333333334 1
6.7 0
1.0458333333333334 0
3.785416666666667 0
1.0583333333333333 0
6.795833333333333 0
5.920833333333333 0
5.452083333333333 0
2.6395833333333334 0
3.85 0
2.0854166666666667 0
1.9604166666666667 0
6.945833333333334 0
1.2604166666666667 0
1.1270833333333334 0
4.702083333333333 1
6.3375 0
1.1520833333333333 0
5.9625 1
3.279166666666667 0
2.5458333333333334 0
3.9125 5
4.775 1
1.50625 0
6.902083333333334 0
6.15 0
3.98125 13
2.560416666666667 0
3.54375 0
2.50625 0
3.9833333333333334 13
2.7416666666666667 0
3.0541666666666667 0
6.43125 0
4.197916666666667 4
5.822916666666667 0
6.152083333333334 0
1.4833333333333334 0
4.264583333333333 3
3.2 0
6.654166666666667 0
4.310416666666667 3
2.06875 0
1.8458333333333334 0
2.3270833333333334 0
5.089583333333334 2
2.0208333333333335 0
4.35625 2
4.435416666666667 1
3.2020833333333334 0
6.61875 0
6.539583333333334 0
4.947916666666667 1
5.545833333333333 0
4.477083333333334 1
5.497916666666667 0
1.1895833333333334 0
1.4333333333333333 0
6.164583333333334 0
3.747916666666667 0
2.029166666666667 0
2.225 0
7.072916666666667 0
4.027083333333334 14
5.3875 0
5.558333333333334 0
6.2625 0
4.214583333333334 4
2.35625 0
1.8583333333333334 0
4.695833333333334 1
5.652083333333334 0
5.291666666666667 0
1.1666666666666667 0
3.2958333333333334 0
5.622916666666667 0
5.385416666666667 0
3.0458333333333334 0
5.152083333333334 2
3.285416666666667 0
4.1375 10
3.4125 0
5.560416666666667 0
5.639583333333333 0
4.5125 0
1.2770833333333333 0
3.972916666666667 13
4.633333333333334 0
1.3 0
3.754166666666667 0
3.097916666666667 0
1.675 0
3.0145833333333334 0
6.091666666666667 0
6.685416666666667 0
1.0270833333333333 0
1.33125 0
2.4916666666666667 0
1.4958333333333333 0
4.995833333333334 0
7.058333333333334 0
6.104166666666667 0
2.7020833333333334 0
6.779166666666667 0
7.152083333333334 0
5.577083333333333 0
4.339583333333334 3
4.202083333333333 3
1.3666666666666667 0
1.4395833333333334 0
1.1208333333333333 0
5.889583333333333 0
1.5958333333333334 0
6.10625 0
5.435416666666667 0
6.045833333333333 0
2.535416666666667 0
5.154166666666667 2
5.49375 0
3.7729166666666667 0
5.075 2
2.9916666666666667 0
1.7916666666666667 0
4.510416666666667 0
6.872916666666667 0
2.6479166666666667 0
2.2416666666666667 0
6.16875 0
6.508333333333334 0
6.197916666666667 0
3.622916666666667 0
5.122916666666667 2
3.841666666666667 0
5.747916666666667 0
4.745833333333334 1
6.202083333333333 0
4.16875 4
3.879166666666667 2
4.039583333333334 12
2.8979166666666667 0
6.466666666666667 0
2.6458333333333335 0
1.5541666666666667 0
3.529166666666667 0
2.825 0
5.716666666666667 0
4.525 1
2.785416666666667 0
3.1395833333333334 0
3.3041666666666667 0
3.1479166666666667 0
6.372916666666667 0
5.99375 0
7.070833333333334 0
1.225 0
2.097916666666667 0
6.885416666666667 0
4.0125 14
6.91875 0
6.99375 0
2.622916666666667 0
2.5145833333333334 0
2.310416666666667 0
2.9833333333333334 0
1.6479166666666667 0
4.358333333333333 3
2.6625 0
1.4708333333333334 0
5.0875 2
6.029166666666667 1
6.229166666666667 0
1.83125 0
5.979166666666667 0
3.9604166666666667 12
3.3666666666666667 0
6.497916666666667 0
6.358333333333333 0
6.727083333333334 0
5.685416666666667 0
6.591666666666667 0
3.63125 0
5.339583333333334 0
5.164583333333334 1
4.15 10
2.1458333333333335 0
2.4208333333333334 0
3.597916666666667 0
3.91875 7
5.883333333333334 0
1.3854166666666667 0
6.041666666666667 0
3.847916666666667 0
3.8041666666666667 0
6.447916666666667 0
4.045833333333333 12
1.44375 0
4.620833333333334 1
1.9291666666666667 0
6.7125 0
3.5208333333333335 0
4.945833333333334 1
1.8541666666666667 0
1.2916666666666667 0
4.74375 1
4.683333333333334 1
4.029166666666667 13
1.4166666666666667 0
1.3458333333333334 0
1.6041666666666667 0
5.79375 0
3.325 0
1.9333333333333333 0
3.685416666666667 0
5.0125 2
5.98125 0
5.654166666666667 0
6.389583333333333 0
6.577083333333333 0
7.060416666666667 0
3.06875 0
3.441666666666667 0
4.66875 0
6.716666666666667 0
2.38125 0
2.7395833333333335 0
5.227083333333334 0
2.2104166666666667 0
6.666666666666667 0
1.7645833333333334 0
3.779166666666667 0
6.385416666666667 0
6.947916666666667 0
6.5875 0
5.402083333333334 0
4.445833333333334 1
1.7958333333333334 0
2.0458333333333334 0
1.8 0
5.245833333333334 0
4.716666666666667 1
1.2833333333333334 0
4.652083333333334 1
3.35625 0
5.664583333333334 0
3.7333333333333334 0
2.997916666666667 0
5.091666666666667 2
6.6375 0
5.995833333333334 0
4.9 1
4.247916666666667 3
6.402083333333334 0
5.80625 0
6.997916666666667 0
6.258333333333334 0
3.222916666666667 0
2.660416666666667 0
1.7145833333333333 0
2.0541666666666667 0
3.654166666666667 0
6.2125 0
6.764583333333333 0
4.916666666666667 1
2.4291666666666667 0
6.154166666666667 0
2.8645833333333335 0
3.575 0
3.154166666666667 0
3.3645833333333335 0
1.0854166666666667 0
2.6166666666666667 0
1.8354166666666667 0
2.85 0
5.233333333333333 0
3.3333333333333335 0
5.258333333333334 0
1.7604166666666667 0
3.4583333333333335 0
2.222916666666667 0
4.170833333333333 4
1.35 0
1.2875 0
6.979166666666667 0
3.8979166666666667 2
3.725 0
6.514583333333333 0
3.1 0
1.5729166666666667 0
6.747916666666667 0
1.3395833333333333 0
1.5458333333333334 0
2.685416666666667 0
4.779166666666667 1
4.639583333333333 0
2.1708333333333334 0
3.716666666666667 0
4.808333333333334 1
6.854166666666667 0
2.5770833333333334 0
4.0875 11
5.414583333333334 0
1.76875 0
4.322916666666667 3
6.435416666666667 0
6.760416666666667 0
1.58125 0
2.2875 0
7.045833333333333 0
4.839583333333334 1
2.2708333333333335 0
6.027083333333334 0
5.41875 0
3.7416666666666667 0
2.5229166666666667 0
4.7125 1
2.16875 0
3.591666666666667 0
6.558333333333334 0
3.247916666666667 0
5.10625 2
5.514583333333333 0
3.7875 0
5.341666666666667 0
6.41875 0
1.39375 0
6.279166666666667 0
2.347916666666667 0
4.80625 1
5.914583333333334 0
1.9479166666666667 0
5.483333333333333 0
4.30625 3
2.7083333333333335 0
5.466666666666667 0
5.620833333333334 0
5.308333333333334 0
4.68125 0
5.7125 0
2.504166666666667 0
2.5854166666666667 0
2.722916666666667 0
5.575 0
3.0770833333333334 0
6.529166666666667 0
5.327083333333333 0
2.441666666666667 0
4.764583333333333 1
4.889583333333333 0
5.775 0
1.3354166666666667 0
1.8770833333333334 0
2.754166666666667 0
6.702083333333333 0
4.389583333333333 2
2.60625 0
1.9916666666666667 0
5.16875 0
1.9958333333333333 0
3.5770833333333334 0
3.31875 0
4.952083333333333 0
2.591666666666667 0
5.916666666666667 0
2.7104166666666667 0
6.24375 0
6.383333333333334 0
1.88125 0
5.025 2
6.327083333333333 0
5.952083333333333 0
3.6 0
6.85625 0
1.0645833333333334 0
5.029166666666667 2
2.1 0
3.9895833333333335 11
1.6791666666666667 0
6.108333333333333 0
1.4791666666666667 0
5.139583333333333 2
5.604166666666667 0
1.7875 0
5.325 0
1.5104166666666667 0
6.664583333333334 0
6.060416666666667 0
3.966666666666667 11
2.8270833333333334 0
3.8020833333333335 0
1.8041666666666667 0
6.825 0
4.447916666666667 1
5.966666666666667 0
4.575 1
5.539583333333334 0
3.810416666666667 0
1.94375 0
4.133333333333334 10
1.7375 0
6.541666666666667 0
5.635416666666667 0
2.5541666666666667 0
4.61875 0
6.808333333333334 0
3.6166666666666667 0
6.966666666666667 0
6.214583333333334 0
1.7520833333333334 0
7.102083333333334 0
3.4895833333333335 0
3.0229166666666667 0
1.4020833333333333 0
1.0895833333333333 0
1.85 0
3.9270833333333335 6
3.94375 14
6.072916666666667 0
2.3333333333333335 0
2.81875 0
1.7729166666666667 0
4.008333333333334 14
1.0958333333333334 0
4.041666666666667 13
6.697916666666667 0
3.0208333333333335 0
5.589583333333334 0
2.75625 0
2.316666666666667 0
1.7458333333333333 0
4.325 2
1.13125 0
4.072916666666667 10
5.275 1
4.635416666666667 1
1.5645833333333334 0
2.575 0
1.175 0
4.341666666666667 3
5.904166666666667 0
4.070833333333334 11
2.54375 0
2.79375 0
3.45 0
5.35625 0
4.139583333333333 10
4.4 2
3.379166666666667 0
1.0770833333333334 0
3.73125 0
4.195833333333334 3
3.2729166666666667 0
1.6520833333333333 0
3.2708333333333335 0
1.6895833333333334 0
2.2729166666666667 0
1.1166666666666667 0
2.879166666666667 0
4.404166666666667 2
2.6083333333333334 0
4.827083333333333 1
2.98125 0
4.483333333333333 1
6.870833333333334 0
1.6166666666666667 0
2.0145833333333334 0
6.914583333333334 0
6.464583333333334 0
1.8395833333333333 0
5.2 0
6.014583333333333 1
7.104166666666667 0
4.577083333333333 1
1.6708333333333334 0
5.320833333333334 0
3.8354166666666667 0
6.852083333333334 0
5.541666666666667 0
1.9395833333333334 0
2.216666666666667 0
2.0229166666666667 0
1.7770833333333333 0
1.0229166666666667 0
6.639583333333333 0
3.8270833333333334 0
4.964583333333334 0
5.354166666666667 0
5.777083333333334 0
3.69375 0
3.0854166666666667 0
5.389583333333333 0
3.9916666666666667 11
3.5520833333333335 0
4.858333333333333 1
2.4833333333333334 0
5.791666666666667 0
5.464583333333334 0
6.352083333333334 0
5.48125 0
6.93125 0
5.91875 0
3.35 0
6.775 0
3.2416666666666667 0
6.683333333333334 0
4.41875 1
1.4604166666666667 0
3.4208333333333334 0
2.8895833333333334 0
6.36875 0
2.691666666666667 0
5.572916666666667 0
3.79375 0
6.4 0
3.066666666666667 0
3.6395833333333334 0
2.1375 0
4.760416666666667 1
5.697916666666667 0
5.072916666666667 2
6.964583333333334 0
1.2729166666666667 0
4.185416666666667 4
2.716666666666667 0
1.69375 0
1.475 0
3.0833333333333335 0
4.822916666666667 1
2.3354166666666667 0
2.075 0
2.372916666666667 0
4.983333333333333 1
5.54375 0
5.197916666666667 0
2.35 0
1.9791666666666667 0
4.870833333333334 1
7.089583333333334 0
6.8375 0
5.745833333333334 0
1.9083333333333334 0
2.725 0
6.445833333333334 0
2.3666666666666667 0
6.68125 0
3.7104166666666667 0
1.01875 0
6.560416666666667 0
6.295833333333333 0
6.827083333333333 0
2.7958333333333334 0
6.354166666666667 0
7.133333333333334 0
2.00625 0
6.370833333333334 0
5.86875 0
4.589583333333334 1
5.570833333333334 0
1.75625 0
1.5895833333333333 0
3.904166666666667 4
1.14375 0
6.308333333333334 0
1.7104166666666667 0
6.414583333333334 0
3.60625 0
2.810416666666667 0
3.5125 0
3.035416666666667 0
1.4291666666666667 0
2.6770833333333335 0
1.4520833333333334 0
6.30625 0
3.4270833333333335 0
6.102083333333334 0
5.2125 0
5.977083333333334 0
2.8333333333333335 0
3.691666666666667 0
6.952083333333333 0
5.727083333333334 0
5.4 0
3.3583333333333334 0
1.1041666666666667 0
3.2333333333333334 0
5.827083333333333 0
4.8875 1
2.847916666666667 0
5.758333333333334 0
4.820833333333334 1
5.045833333333333 2
3.75625 0
5.36875 0
2.7645833333333334 0
6.729166666666667 0
6.277083333333334 0
2.91875 0
3.129166666666667 0
6.483333333333333 0
1.9520833333333334 0
2.25625 0
4.479166666666667 1
4.8375 1
3.6708333333333334 0
2.45 0
4.539583333333334 1
3.1625 0
5.820833333333334 0
3.941666666666667 16
6.525 0
3.41875 0
7.15 0
6.510416666666667 0
