0 2780
1 386
2 332
3 272
4 234
5 270
6 206
7 182
8 190
9 180
10 130
11 134
12 164
13 92
14 110
15 104
16 86
17 84
18 90
19 100
20 90
21 62
22 60
23 58
24 56
25 48
26 58
27 40
28 64
29 48
30 28
31 36
32 42
33 44
34 38
35 26
36 44
37 34
38 28
39 22
40 44
41 22
42 24
43 32
44 18
45 20
46 14
47 22
48 10
49 22
50 20
51 12
52 22
53 12
54 14
55 28
56 16
57 12
58 12
59 26
60 14
61 26
62 8
63 8
64 4
65 16
66 6
67 12
68 16
69 14
70 14
71 12
72 18
73 16
74 14
75 6
76 14
77 10
78 8
79 6
80 6
81 2
82 8
83 6
84 6
85 10
86 4
87 12
88 6
89 2
90 10
91 10
92 10
93 14
94 6
95 12
97 4
98 4
100 6
101 2
102 6
103 2
104 4
105 8
106 2
107 2
108 6
110 6
111 6
113 8
114 6
115 6
116 10
117 8
118 2
119 4
120 6
121 2
122 8
123 6
124 2
125 2
126 2
127 6
129 4
131 4
132 6
133 6
134 6
136 4
137 10
138 6
140 2
141 2
143 2
144 4
148 6
149 2
150 2
151 8
153 2
154 4
155 2
157 8
158 4
159 4
160 2
161 4
162 4
166 2
167 2
168 4
169 4
170 8
171 4
172 10
173 4
177 2
179 4
186 2
187 2
188 2
190 2
191 2
192 4
193 4
194 2
195 2
196 4
197 2
199 6
201 4
203 2
204 4
205 4
208 2
209 4
210 2
213 4
216 2
218 2
219 2
222 2
225 2
229 2
235 2
236 2
238 2
241 2
248 2
251 2
252 2
254 2
255 4
256 4
260 4
263 2
265 2
269 2
285 2
299 2
310 2
318 2
348 2
357 4
370 2
398 2
428 2
456 2
460 2
479 2
575 2
