87372 1
87372 1
87581 1
87583 1
87592 1
87608 1
87651 1
87663 1
87923 1
87923 1
87923 1
87996 1
88132 1
88132 1
88150 1
88150 1
88234 1
88261 1
88292 1
88430 1
88430 1
88541 1
88651 1
88686 1
88858 1
89063 1
89063 1
89194 1
89202 1
89264 1
89500 1
89500 1
89549 1
89549 1
89662 1
89728 1
89728 1
89733 1
89824 1
89824 1
89842 1
89842 1
90046 1
90064 1
90081 1
90268 1
90268 1
90408 1
90408 1
90408 1
90514 1
90606 1
90622 1
90870 1
90889 1
90891 1
90891 1
90915 1
90915 1
91030 1
91108 1
91119 1
91191 1
91191 1
91212 1
91373 1
91416 1
91416 1
91611 1
91742 1
91764 1
91887 1
91924 1
91924 1
91975 1
91975 1
92166 1
92166 1
92310 1
92310 1
92310 1
92479 1
92479 1
92479 1
92797 1
92839 1
92901 1
92910 1
92910 1
92910 1
92910 1
92947 1
92991 1
92991 1
93076 1
93136 1
93165 1
93216 1
93293 1
93383 1
93383 1
93442 1
93490 1
93496 1
93668 1
93668 1
93720 1
94118 1
94306 1
94306 1
94450 1
94647 1
94719 1
94867 1
94934 1
94964 1
94971 1
95002 1
95002 1
95129 1
95179 1
95179 1
95252 1
95252 1
95347 1
95502 1
95557 1
95557 1
95691 1
95758 1
95758 1
95776 1
95877 1
95996 1
95996 1
95996 1
96031 1
96031 1
96090 1
96090 1
96117 1
96184 1
96256 1
96262 1
96367 1
96367 1
96559 1
96725 1
96725 1
96857 1
96868 1
97072 1
97357 1
97358 1
97371 1
97492 1
97493 1
97644 1
97647 1
97647 1
97770 1
97980 1
97980 1
98012 1
98012 1
98012 1
98074 1
98074 1
98106 1
98106 1
98175 1
98175 1
98175 1
98227 1
98239 1
98239 1
98239 1
98279 1
98504 1
98520 1
98776 1
98810 1
98810 1
98967 1
99043 1
99153 1
99155 1
99223 1
99252 1
99368 1
99368 1
99410 1
99515 1
99515 1
99560 1
99560 1
99709 1
99814 1
99814 1
99857 1
99857 1
99930 1
100034 1
100034 1
100095 1
100095 1
100264 1
100286 1
100459 1
100621 1
100621 1
100699 1
100902 1
100995 1
101133 1
101250 1
101333 1
101356 1
101371 1
101412 1
101505 1
101961 1
101961 1
102021 1
102022 1
102183 1
102183 1
102266 1
102278 1
102278 1
102304 1
102304 1
102346 1
102351 1
102411 1
102416 1
102588 1
102624 1
102934 1
102934 1
103005 1
103198 1
103201 1
103254 1
103321 1
103620 1
103653 1
103672 1
103797 1
103934 1
103934 1
104022 1
104078 1
104138 1
104138 1
104255 1
104409 1
104473 1
104473 1
104529 1
104725 1
104791 1
104791 1
104914 1
105107 1
105278 1
105281 1
105286 1
105291 1
105293 1
105299 1
105656 1
105746 1
105746 1
105998 1
106049 1
106108 1
106154 1
106614 1
106614 1
106623 1
106980 1
107235 1
107264 1
107264 1
107314 1
107467 1
107564 1
107639 1
107809 1
107946 1
108034 1
108034 1
108056 1
108061 1
108130 1
108244 1
108244 1
108264 1
108273 1
108387 1
108389 1
108389 1
108411 1
108411 1
108440 1
108597 1
108612 1
108612 1
108614 1
108645 1
108645 1
108779 1
108863 1
108875 1
109043 1
109046 1
109058 1
109171 1
109350 1
109358 1
109370 1
109428 1
109435 1
109690 1
109822 1
109913 1
109983 1
110065 1
110065 1
110122 1
110183 1
110183 1
110316 1
110316 1
110338 1
110560 1
110620 1
110778 1
110778 1
110997 1
111038 1
111061 1
111061 1
111093 1
111093 1
111093 1
111093 1
111093 1
111097 1
111147 1
111239 1
111239 1
111502 1
111531 1
111552 1
111596 1
111596 1
111966 1
112136 1
112238 1
112254 1
112362 1
112369 1
112369 1
112467 1
112467 1
112467 1
112480 1
112648 1
112695 1
112695 1
112723 1
112747 1
112924 1
112924 1
112961 1
112961 1
113052 1
113071 1
113162 1
113247 1
113247 1
113298 1
113334 1
113385 1
113441 1
113496 1
113521 1
113641 1
113699 1
113714 1
113714 1
113716 1
114064 1
114064 1
114083 1
114221 1
114255 1
114524 1
114524 1
114561 1
114628 1
114745 1
114999 1
115078 1
115130 1
115130 1
115145 1
115183 1
115183 1
115286 1
115422 1
115638 1
115740 1
115795 1
115836 1
116028 1
116104 1
116104 1
116263 1
116333 1
116353 1
116373 1
116409 1
116546 1
116556 1
116556 1
116726 1
116796 1
116836 1
116868 1
116997 1
116997 1
117002 1
117007 1
117245 1
117245 1
117355 1
117355 1
117364 1
117792 1
117900 1
117997 1
118226 1
118467 1
118538 1
118607 1
118607 1
118609 1
118760 1
118808 1
118808 1
118867 1
118912 1
118917 1
118949 1
118984 1
119559 1
119592 1
119592 1
119617 1
119617 1
119636 1
119636 1
119681 1
119719 1
119835 1
119835 1
120314 1
120476 1
120561 1
120611 1
120718 1
120746 1
120917 1
121044 1
121171 1
121187 1
121273 1
121273 1
121325 1
121346 1
121446 1
121458 1
121571 1
121648 1
121650 1
121707 1
121778 1
121867 1
121867 1
122017 1
122024 1
122150 1
122385 1
122557 1
122730 1
122773 1
122845 1
122845 1
122894 1
122894 1
122970 1
123230 1
123230 1
123310 1
123509 1
123602 1
123620 1
123625 1
123625 1
123629 1
123722 1
123894 1
124054 1
124081 1
124081 1
124089 1
124089 1
124298 1
124417 1
124417 1
124417 1
124456 1
124604 1
124604 1
124659 1
124659 1
124659 1
124706 1
124776 1
124776 1
124797 1
124948 1
124948 1
124970 1
125005 1
125005 1
125066 1
125225 1
125245 1
125245 1
125245 1
125319 1
125319 1
125319 1
125435 1
125515 1
125571 1
125599 1
125599 1
125637 1
125710 1
125710 1
125781 1
125810 1
125826 1
125881 1
125912 1
125937 1
125979 1
125990 1
125990 1
126047 1
126123 1
126129 1
126129 1
126172 1
126175 1
126175 1
126193 1
126284 1
126340 1
126408 1
126408 1
126410 1
126429 1
126628 1
126697 1
126851 1
126992 1
127038 1
127171 1
127171 1
127273 1
127296 1
127296 1
127324 1
127349 1
127349 1
127349 1
127396 1
127441 1
127642 1
127724 1
127846 1
127989 1
128084 1
128206 1
128262 1
128399 1
128436 1
128436 1
128450 1
128706 1
128742 1
128818 1
128818 1
128818 1
128818 1
128890 1
128890 1
128890 1
128890 1
128890 1
128890 1
128910 1
129026 1
129094 1
129149 1
129179 1
129179 1
129208 1
129240 1
129292 1
129297 1
129311 1
129398 1
129398 1
129407 1
129527 1
129527 1
129534 1
129581 1
129607 1
129651 1
129661 1
129661 1
129866 1
129866 1
129877 1
129914 1
129945 1
129945 1
130135 1
130225 1
130225 1
130476 1
130548 1
130682 1
130710 1
130710 1
130726 1
130791 1
130791 1
130794 1
130794 1
130853 1
130861 1
130861 1
130933 1
130938 1
131001 1
131001 1
131020 1
131020 1
131199 1
131213 1
131230 1
131238 1
131293 1
131300 1
131300 1
131338 1
131369 1
131412 1
131464 1
131502 1
131575 1
131625 1
131674 1
131674 1
131715 1
131724 1
131731 1
131751 1
131786 1
131870 1
131919 1
131957 1
131962 1
131962 1
131996 1
131996 1
132024 1
132024 1
132073 1
132074 1
132196 1
132204 1
132258 1
132258 1
132295 1
132295 1
132323 1
132536 1
132536 1
132562 1
132662 1
132848 1
132848 1
133066 1
133090 1
133090 1
133120 1
133120 1
133130 1
133234 1
133320 1
133390 1
133390 1
133390 1
133470 1
133487 1
133487 1
133512 1
133520 1
133520 1
133557 1
133557 1
133574 1
133574 1
133668 1
133701 1
133782 1
133782 1
133782 1
133939 1
133939 1
134013 1
134013 1
134023 1
134023 1
134056 1
134056 1
134092 1
134092 1
134092 1
134113 1
134113 1
134129 1
134131 1
134216 1
134216 1
134216 1
134262 1
134265 1
134265 1
134297 1
134298 1
134298 1
134325 1
134440 1
134444 1
134472 1
134506 1
134600 1
134620 1
134654 1
134654 1
134741 1
134759 1
134785 1
134785 1
134955 1
134984 1
135043 1
135043 1
135052 1
135073 1
135128 1
135128 1
135205 1
135205 1
135337 1
135343 1
135421 1
135421 1
135440 1
135458 1
135514 1
135550 1
135658 1
135678 1
135693 1
135889 1
136018 1
136093 1
136135 1
136161 1
136355 1
136358 1
136474 1
136739 1
136772 1
136772 1
136812 1
136812 1
136857 1
136903 1
136925 1
136931 1
136931 1
136954 1
136996 1
137000 1
137074 1
137074 1
137092 1
137205 1
137210 1
137278 1
137317 1
137357 1
137358 1
137359 1
137369 1
137418 1
137433 1
137433 1
137634 1
137634 1
137695 1
137790 1
137849 1
137868 1
137988 1
138038 1
138038 1
138064 1
138129 1
138129 1
138153 1
138167 1
138173 1
138182 1
138207 1
138207 1
138210 1
138244 1
138260 1
138468 1
138525 1
138586 1
138590 1
138616 1
138636 1
138636 1
138639 1
138651 1
138651 1
138713 1
138713 1
138803 1
138803 1
138816 1
138831 1
138831 1
138918 1
138982 1
139035 1
139035 1
139059 1
139272 1
139299 1
139307 1
139307 1
139424 1
139443 1
139567 1
139567 1
139567 1
139579 1
139727 1
139727 1
139790 1
139792 1
139792 1
139808 1
139857 1
139865 1
139865 1
139910 1
140068 1
140068 1
140080 1
140202 1
140202 1
140202 1
140295 1
140301 1
140346 1
140513 1
140595 1
140666 1
140666 1
140676 1
140676 1
140741 1
140772 1
140848 1
140959 1
140962 1
140971 1
141064 1
141070 1
141117 1
141178 1
141251 1
141305 1
141307 1
141368 1
141519 1
141718 1
141777 1
141850 1
141965 1
141983 1
142009 1
142076 1
142076 1
142088 1
142090 1
142104 1
142104 1
142105 1
142105 1
142117 1
142117 1
142137 1
142137 1
142145 1
142184 1
142184 1
142192 1
142192 1
142201 1
142201 1
142203 1
142203 1
142207 1
142207 1
142214 1
142214 1
142225 1
142225 1
142227 1
142227 1
142227 1
142227 1
142233 1
142233 1
142257 1
142257 1
142267 1
142267 1
142272 1
142272 1
142303 1
142303 1
142311 1
142311 1
142316 1
142316 1
142318 1
142318 1
142318 1
142333 1
142343 1
142343 1
142354 1
142354 1
142355 1
142355 1
142368 1
142368 1
142390 1
142390 1
142408 1
142408 1
142452 1
142452 1
142452 1
142452 1
142467 1
142471 1
142471 1
142472 1
142472 1
142484 1
142484 1
142501 1
142501 1
142503 1
142503 1
142528 1
142528 1
142547 1
142547 1
142547 1
142552 1
142552 1
142552 1
142552 1
142553 1
142553 1
142554 1
142563 1
142568 1
142568 1
142572 1
142572 1
142572 1
142580 1
142580 1
142586 1
142586 1
142586 1
142586 1
142597 1
142597 1
142604 1
142604 1
142609 1
142609 1
142623 1
142623 1
142626 1
142626 1
142635 1
142635 1
142654 1
142654 1
142682 1
142682 1
142698 1
142698 1
142704 1
142717 1
142745 1
142746 1
142746 1
142760 1
142760 1
142777 1
142783 1
142783 1
142785 1
142785 1
142786 1
142786 1
142802 1
142802 1
142807 1
142822 1
142824 1
142828 1
142828 1
142842 1
142842 1
142844 1
142844 1
142846 1
142858 1
142858 1
142860 1
142860 1
142866 1
142866 1
142870 1
142870 1
142874 1
142874 1
142876 1
142876 1
142878 1
142880 1
142880 1
142907 1
142929 1
142929 1
142954 1
142954 1
142954 1
142954 1
142959 1
142959 1
142961 1
142961 1
142975 1
142975 1
143003 1
143021 1
143021 1
143053 1
143053 1
143058 1
143058 1
143060 1
143060 1
143076 1
143076 1
143118 1
143118 1
143123 1
143123 1
143124 1
143124 1
143124 1
143124 1
143142 1
143149 1
143151 1
143151 1
143163 1
143163 1
143167 1
143167 1
143191 1
143191 1
143209 1
143209 1
143209 1
143209 1
143227 1
143227 1
143227 1
143245 1
143245 1
143246 1
143246 1
143251 1
143251 1
143264 1
143264 1
143296 1
143315 1
143315 1
143325 1
143425 1
143430 1
143430 1
143469 1
143480 1
143480 1
143503 1
143516 1
143524 1
143524 1
143540 1
143540 1
143592 1
143641 1
143641 1
143655 1
143655 1
143667 1
143667 1
143679 1
143679 1
143679 1
143719 1
143719 1
143719 1
143725 1
143725 1
143725 1
143731 1
143731 1
143753 1
143774 1
143774 1
143814 1
143814 1
143817 1
143817 1
143846 1
143886 1
143886 1
144004 1
144006 1
144009 1
144009 1
144026 1
144029 1
144031 1
144063 1
144063 1
144092 1
144092 1
144094 1
144094 1
144127 1
144127 1
144131 1
144131 1
144144 1
144145 1
144145 1
144158 1
144182 1
144182 1
144201 1
144201 1
144201 1
144207 1
144217 1
144243 1
144244 1
144244 1
144244 1
144245 1
144257 1
144257 1
144265 1
144279 1
144279 1
144295 1
144300 1
144307 1
144307 1
144313 1
144333 1
144341 1
144341 1
144347 1
144347 1
144351 1
144446 1
144446 1
144458 1
144458 1
144458 1
144513 1
144517 1
144517 1
144517 1
144542 1
144544 1
144578 1
144579 1
144579 1
144582 1
144582 1
144602 1
144639 1
144639 1
144679 1
144681 1
144681 1
144691 1
144697 1
144697 1
144725 1
144736 1
144736 1
144739 1
144739 1
144763 1
144768 1
144792 1
144792 1
144804 1
144810 1
144810 1
144823 1
144823 1
144849 1
144855 1
144855 1
144865 1
144869 1
144869 1
144874 1
144875 1
144884 1
144885 1
144885 1
144911 1
144944 1
144944 1
144969 1
144969 1
144976 1
144976 1
144981 1
145024 1
145027 1
145038 1
145038 1
145046 1
145046 1
145079 1
145107 1
145107 1
145108 1
145169 1
145169 1
145169 1
145199 1
145199 1
145220 1
145220 1
145234 1
145234 1
145271 1
145305 1
145314 1
145321 1
145321 1
145322 1
145351 1
145355 1
145360 1
145374 1
145374 1
145406 1
145418 1
145435 1
145435 1
145456 1
145460 1
145471 1
145476 1
145476 1
145482 1
145484 1
145486 1
145492 1
145504 1
145510 1
145514 1
145526 1
145530 1
145533 1
145534 1
145534 1
145543 1
145568 1
145568 1
145570 1
145570 1
145570 1
145602 1
145624 1
145624 1
145635 1
145638 1
145648 1
145665 1
145672 1
145676 1
145676 1
145683 1
145691 1
145699 1
145702 1
145714 1
145727 1
145756 1
145790 1
145818 1
145830 1
145831 1
145831 1
145838 1
145838 1
145885 1
145892 1
145900 1
145901 1
145901 1
145909 1
145909 1
145909 1
145918 1
145923 1
145923 1
145925 1
145925 1
145927 1
145935 1
145950 1
145950 1
145990 1
145995 1
145995 1
145998 1
145998 1
145999 1
145999 1
146094 1
146094 1
146106 1
146140 1
146189 1
146199 1
146199 1
146204 1
146221 1
146243 1
146243 1
146261 1
146263 1
146322 1
146322 1
146340 1
146340 1
146349 1
146394 1
146401 1
146407 1
146407 1
146418 1
146431 1
146431 1
146437 1
146437 1
146455 1
146466 1
146505 1
146505 1
146515 1
146515 1
146515 1
146515 1
146545 1
146576 1
146576 1
146588 1
146588 1
146589 1
146632 1
146639 1
146639 1
146651 1
146651 1
146675 1
146675 1
146681 1
146681 1
146687 1
146707 1
146707 1
146716 1
146716 1
146718 1
146718 1
146722 1
146722 1
146731 1
146732 1
146732 1
146745 1
146745 1
146754 1
146762 1
146762 1
146773 1
146773 1
146791 1
146827 1
146831 1
146831 1
146835 1
146835 1
146843 1
146867 1
146867 1
146885 1
146885 1
146889 1
146889 1
146889 1
146898 1
146898 1
146914 1
146922 1
146922 1
146945 1
146945 1
146948 1
146948 1
146952 1
146952 1
146952 1
146952 1
146963 1
146989 1
147010 1
147010 1
147027 1
147027 1
147064 1
147070 1
147086 1
147110 1
147110 1
147128 1
147146 1
147146 1
147159 1
147159 1
147165 1
147165 1
147183 1
147187 1
147187 1
147198 1
147208 1
147208 1
147209 1
147225 1
147230 1
147230 1
147263 1
147263 1
147306 1
147314 1
147323 1
147328 1
147328 1
147337 1
147337 1
147347 1
147352 1
147352 1
147372 1
147372 1
147393 1
147411 1
147411 1
147423 1
147423 1
147445 1
147451 1
147461 1
147532 1
147532 1
147540 1
147540 1
147540 1
147562 1
147562 1
147573 1
147573 1
147609 1
147609 1
147657 1
147657 1
147665 1
147696 1
147721 1
147721 1
147790 1
147790 1
147819 1
147819 1
147849 1
147896 1
147896 1
147923 1
147923 1
147934 1
147942 1
147945 1
147950 1
147950 1
147953 1
147972 1
147972 1
147990 1
148004 1
148004 1
148007 1
148007 1
148018 1
148052 1
148072 1
148072 1
148126 1
148132 1
148143 1
148143 1
148179 1
148217 1
148257 1
148280 1
148280 1
148281 1
148282 1
148300 1
148300 1
148320 1
148321 1
148343 1
148366 1
148366 1
148404 1
148404 1
148424 1
148424 1
148437 1
148437 1
148442 1
148443 1
148484 1
148484 1
148512 1
148512 1
148513 1
148535 1
148535 1
148541 1
148541 1
148573 1
148619 1
148619 1
148638 1
148638 1
148655 1
148705 1
148716 1
148723 1
148737 1
148737 1
148763 1
148764 1
148764 1
148770 1
148770 1
148791 1
148806 1
148806 1
148818 1
148828 1
148828 1
148918 1
148918 1
148973 1
148990 1
148990 1
149095 1
149099 1
149099 1
149103 1
149103 1
149104 1
149142 1
149142 1
149148 1
149150 1
149200 1
149200 1
149217 1
149240 1
149240 1
149280 1
149295 1
149331 1
149404 1
149437 1
149449 1
149476 1
149476 1
149516 1
149525 1
149525 1
149545 1
149545 1
149550 1
149554 1
149554 1
149557 1
149562 1
149627 1
149627 1
149637 1
149637 1
149656 1
149689 1
149689 1
149691 1
149691 1
149749 1
149749 1
149787 1
149797 1
149797 1
149826 1
149826 1
149846 1
149861 1
149861 1
149939 1
149941 1
149958 1
149971 1
149971 1
149974 1
149999 1
149999 1
150052 1
150112 1
150178 1
150178 1
150188 1
150198 1
150198 1
150222 1
150249 1
150249 1
150261 1
150261 1
150275 1
150275 1
150290 1
150290 1
150302 1
150302 1
150332 1
150340 1
150340 1
150355 1
150355 1
150356 1
150356 1
150363 1
150386 1
150396 1
150415 1
150435 1
150451 1
150451 1
150477 1
150477 1
150503 1
150503 1
150546 1
150553 1
150553 1
150588 1
150657 1
150666 1
150666 1
150666 1
150681 1
150681 1
150691 1
150691 1
150728 1
150728 1
150731 1
150753 1
150753 1
150760 1
150760 1
150765 1
150765 1
150774 1
150788 1
150788 1
150803 1
150820 1
150820 1
150874 1
150874 1
150905 1
150905 1
150924 1
150924 1
150942 1
150942 1
151007 1
151008 1
151008 1
151008 1
151008 1
151090 1
151090 1
151109 1
151109 1
151128 1
151128 1
151136 1
151150 1
151150 1
151150 1
151150 1
151227 1
151227 1
151238 1
151273 1
151273 1
151288 1
151288 1
151304 1
151304 1
151313 1
151322 1
151322 1
151355 1
151410 1
151410 1
151428 1
151493 1
151546 1
151596 1
151596 1
151600 1
151600 1
151603 1
151603 1
151690 1
151741 1
151781 1
151801 1
151803 1
151803 1
151808 1
151808 1
151836 1
151867 1
151867 1
151887 1
151896 1
151896 1
151902 1
151902 1
151921 1
151921 1
151928 1
152061 1
152067 1
152067 1
152079 1
152079 1
152115 1
152139 1
152139 1
152169 1
152169 1
152192 1
152192 1
152199 1
152199 1
152211 1
152211 1
152228 1
152228 1
152262 1
152309 1
152309 1
152317 1
152317 1
152332 1
152332 1
152337 1
152356 1
152356 1
152360 1
152360 1
152360 1
152360 1
152414 1
152414 1
152417 1
152417 1
152430 1
152433 1
152448 1
152448 1
152471 1
152471 1
152508 1
152563 1
152567 1
152594 1
152594 1
152654 1
152666 1
152666 1
152693 1
152695 1
152722 1
152836 1
152836 1
152878 1
152878 1
152889 1
152889 1
152916 1
152932 1
152968 1
152968 1
152988 1
153027 1
153035 1
153044 1
153109 1
153111 1
153163 1
153163 1
153182 1
153182 1
153194 1
153195 1
153195 1
153200 1
153200 1
153202 1
153202 1
153209 1
153209 1
153213 1
153213 1
153215 1
153215 1
153221 1
153221 1
153224 1
153224 1
153227 1
153227 1
153228 1
153228 1
153235 1
153235 1
153252 1
153263 1
153266 1
153266 1
153267 1
153267 1
153268 1
153268 1
153269 1
153269 1
153269 1
153269 1
153269 1
153275 1
153275 1
153276 1
153276 1
153278 1
153278 1
153282 1
153282 1
153287 1
153287 1
153292 1
153292 1
153294 1
153294 1
153302 1
153303 1
153303 1
153303 1
153303 1
153303 1
153304 1
153304 1
153305 1
153305 1
153311 1
153311 1
153313 1
153313 1
153314 1
153314 1
153314 1
153314 1
153315 1
153315 1
153318 1
153318 1
153321 1
153321 1
153325 1
153325 1
153330 1
153330 1
153331 1
153331 1
153333 1
153333 1
153352 1
153352 1
153353 1
153353 1
153355 1
153355 1
153357 1
153357 1
153363 1
153363 1
153364 1
153364 1
153367 1
153367 1
153368 1
153368 1
153373 1
153373 1
153375 1
153375 1
153377 1
153377 1
153386 1
153386 1
153397 1
153397 1
153397 1
153397 1
153400 1
153400 1
153401 1
153401 1
153404 1
153404 1
153408 1
153408 1
153409 1
153409 1
153413 1
153416 1
153416 1
153419 1
153419 1
153430 1
153430 1
153430 1
153430 1
153439 1
153439 1
153440 1
153446 1
153446 1
153455 1
153455 1
153475 1
153475 1
153480 1
153480 1
153494 1
153494 1
153499 1
153499 1
153500 1
153500 1
153500 1
153500 1
153502 1
153502 1
153509 1
153509 1
153527 1
153527 1
153529 1
153529 1
153532 1
153536 1
153536 1
153540 1
153540 1
153540 1
153540 1
153546 1
153546 1
153550 1
153550 1
153557 1
153557 1
153565 1
153565 1
153580 1
153580 1
153616 1
153616 1
153617 1
153617 1
153634 1
153634 1
153639 1
153639 1
153659 1
153662 1
153662 1
153666 1
153666 1
153668 1
153668 1
153674 1
153674 1
153677 1
153677 1
153688 1
153688 1
153688 1
153689 1
153689 1
153693 1
153693 1
153698 1
153698 1
153711 1
153711 1
153721 1
153721 1
153723 1
153723 1
153728 1
153728 1
153737 1
153737 1
153739 1
153739 1
153741 1
153741 1
153752 1
153752 1
153761 1
153763 1
153763 1
153766 1
153766 1
153768 1
153768 1
153781 1
153781 1
153791 1
153791 1
153793 1
153793 1
153798 1
153798 1
153810 1
153810 1
153820 1
153820 1
153831 1
153831 1
153832 1
153832 1
153837 1
153837 1
153842 1
153842 1
153849 1
153849 1
153866 1
153866 1
153870 1
153870 1
153889 1
153889 1
153897 1
153898 1
153898 1
153905 1
153905 1
153907 1
153907 1
153907 1
153907 1
153907 1
153907 1
153921 1
153923 1
153923 1
153932 1
153932 1
153934 1
153934 1
153939 1
153939 1
153940 1
153940 1
153941 1
153941 1
153945 1
153945 1
153978 1
153978 1
153979 1
153979 1
154000 1
154000 1
154004 1
154004 1
154028 1
154028 1
154031 1
154032 1
154033 1
154033 1
154038 1
154038 1
154038 1
154038 1
154038 1
154038 1
154044 1
154044 1
154045 1
154045 1
154045 1
154045 1
154053 1
154053 1
154059 1
154059 1
154075 1
154075 1
154075 1
154075 1
154082 1
154105 1
154105 1
154105 1
154107 1
154107 1
154112 1
154112 1
154129 1
154129 1
154137 1
154137 1
154145 1
154145 1
154149 1
154149 1
154150 1
154150 1
154159 1
154159 1
154162 1
154174 1
154174 1
154179 1
154179 1
154184 1
154184 1
154185 1
154202 1
154202 1
154207 1
154214 1
154214 1
154220 1
154220 1
154225 1
154225 1
154240 1
154240 1
154279 1
154287 1
154287 1
154302 1
154302 1
154303 1
154317 1
154318 1
154318 1
154321 1
154321 1
154325 1
154325 1
154340 1
154340 1
154352 1
154364 1
154364 1
154383 1
154383 1
154384 1
154385 1
154387 1
154387 1
154424 1
154424 1
154429 1
154448 1
154448 1
154476 1
154476 1
154479 1
154479 1
154487 1
154487 1
154488 1
154490 1
154490 1
154502 1
154502 1
154519 1
154523 1
154523 1
154548 1
154548 1
154549 1
154549 1
154580 1
154580 1
154594 1
154594 1
154594 1
154597 1
154597 1
154598 1
154602 1
154602 1
154616 1
154618 1
154618 1
154624 1
154624 1
154624 1
154624 1
154632 1
154632 1
154639 1
154639 1
154653 1
154653 1
154667 1
154667 1
154669 1
154669 1
154669 1
154682 1
154682 1
154682 1
154682 1
154689 1
154689 1
154710 1
154719 1
154719 1
154733 1
154733 1
154740 1
154740 1
154744 1
154744 1
154758 1
154758 1
154758 1
154758 1
154763 1
154788 1
154796 1
154807 1
154812 1
154812 1
154813 1
154813 1
154813 1
154820 1
154820 1
154836 1
154838 1
154838 1
154841 1
154841 1
154860 1
154860 1
154868 1
154873 1
154881 1
154881 1
154914 1
154941 1
154941 1
154941 1
154942 1
154942 1
154945 1
154955 1
154955 1
154966 1
154967 1
154967 1
154968 1
154968 1
154972 1
154972 1
154998 1
154998 1
155014 1
155014 1
155042 1
155047 1
155047 1
155056 1
155056 1
155064 1
155064 1
155083 1
155088 1
155088 1
155090 1
155110 1
155110 1
155111 1
155111 1
155126 1
155126 1
155131 1
155139 1
155140 1
155140 1
155140 1
155149 1
155149 1
155149 1
155171 1
155171 1
155179 1
155183 1
155183 1
155199 1
155199 1
155200 1
155200 1
155204 1
155204 1
155219 1
155233 1
155240 1
155240 1
155247 1
155247 1
155258 1
155258 1
155258 1
155267 1
155267 1
155271 1
155271 1
155276 1
155276 1
155290 1
155290 1
155302 1
155302 1
155313 1
155316 1
155316 1
155320 1
155320 1
155322 1
155322 1
155327 1
155350 1
155350 1
155357 1
155357 1
155359 1
155359 1
155364 1
155364 1
155373 1
155386 1
155386 1
155392 1
155392 1
155412 1
155424 1
155424 1
155430 1
155430 1
155489 1
155489 1
155501 1
155501 1
155503 1
155536 1
155554 1
155554 1
155561 1
155564 1
155568 1
155568 1
155569 1
155569 1
155571 1
155575 1
155585 1
155606 1
155613 1
155616 1
155633 1
155633 1
155633 1
155633 1
155652 1
155676 1
155679 1
155679 1
155680 1
155700 1
155700 1
155712 1
155712 1
155714 1
155714 1
155719 1
155719 1
155724 1
155755 1
155769 1
155771 1
155771 1
155776 1
155790 1
155808 1
155808 1
155812 1
155812 1
155815 1
155823 1
155823 1
155823 1
155829 1
155829 1
155835 1
155857 1
155858 1
155894 1
155899 1
155917 1
155917 1
155920 1
155920 1
155920 1
155920 1
155962 1
155962 1
155965 1
155965 1
155972 1
155978 1
155986 1
155989 1
155989 1
155999 1
156013 1
156013 1
156039 1
156039 1
156048 1
156053 1
156078 1
156078 1
156080 1
156080 1
156126 1
156142 1
156153 1
156160 1
156160 1
156164 1
156172 1
156172 1
156173 1
156173 1
156186 1
156186 1
156245 1
156245 1
156262 1
156262 1
156266 1
156266 1
156274 1
156282 1
156282 1
156324 1
156328 1
156328 1
156328 1
156331 1
156331 1
156331 1
156332 1
156335 1
156348 1
156357 1
156357 1
156377 1
156392 1
156392 1
156395 1
156413 1
156422 1
156422 1
156437 1
156448 1
156452 1
156455 1
156455 1
156456 1
156462 1
156462 1
156469 1
156469 1
156491 1
156498 1
156513 1
156525 1
156525 1
156527 1
156527 1
156562 1
156565 1
156584 1
156584 1
156601 1
156642 1
156642 1
156643 1
156643 1
156651 1
156679 1
156740 1
156740 1
156754 1
156754 1
156757 1
156760 1
156760 1
156766 1
156766 1
156767 1
156767 1
156793 1
156793 1
156799 1
156799 1
156822 1
156827 1
156846 1
156853 1
156858 1
156858 1
156882 1
156882 1
156936 1
156936 1
156937 1
156937 1
156947 1
156947 1
156949 1
156949 1
156951 1
156956 1
156956 1
156978 1
156978 1
157011 1
157015 1
157031 1
157031 1
157054 1
157054 1
157078 1
157083 1
157083 1
157083 1
157083 1
157090 1
157105 1
157114 1
157115 1
157115 1
157140 1
157169 1
157171 1
157171 1
157178 1
157178 1
157182 1
157182 1
157184 1
157209 1
157209 1
157221 1
157221 1
157245 1
157246 1
157265 1
157294 1
157296 1
157296 1
157340 1
157347 1
157355 1
157358 1
157361 1
157370 1
157370 1
157390 1
157402 1
157438 1
157438 1
157442 1
157451 1
157486 1
157486 1
157522 1
157522 1
157523 1
157523 1
157524 1
157555 1
157556 1
157556 1
157556 1
157556 1
157572 1
157572 1
157572 1
157572 1
157572 1
157585 1
157585 1
157588 1
157588 1
157618 1
157618 1
157627 1
157627 1
157635 1
157635 1
157644 1
157644 1
157676 1
157676 1
157682 1
157710 1
157710 1
157722 1
157722 1
157726 1
157731 1
157731 1
157760 1
157760 1
157792 1
157792 1
157795 1
157795 1
157816 1
157816 1
157822 1
157822 1
157822 1
157838 1
157838 1
157839 1
157839 1
157854 1
157854 1
157854 1
157865 1
157865 1
157865 1
157875 1
157875 1
157915 1
157915 1
157915 1
157989 1
157997 1
158045 1
158072 1
158072 1
158079 1
158096 1
158100 1
158100 1
158110 1
158110 1
158111 1
158132 1
158145 1
158145 1
158174 1
158174 1
158174 1
158202 1
158202 1
158202 1
158206 1
158206 1
158207 1
158207 1
158228 1
158232 1
158232 1
158311 1
158315 1
158317 1
158328 1
158328 1
158342 1
158351 1
158353 1
158358 1
158362 1
158373 1
158373 1
158373 1
158375 1
158376 1
158383 1
158392 1
158399 1
158399 1
158400 1
158403 1
158403 1
158409 1
158423 1
158423 1
158424 1
158424 1
158437 1
158438 1
158439 1
158447 1
158448 1
158449 1
158449 1
158449 1
158455 1
158458 1
158472 1
158472 1
158477 1
158478 1
158481 1
158484 1
158487 1
158487 1
158505 1
158505 1
158506 1
158519 1
158523 1
158541 1
158542 1
158546 1
158549 1
158558 1
158566 1
158566 1
158578 1
158580 1
158587 1
158587 1
158602 1
158609 1
158612 1
158619 1
158619 1
158626 1
158626 1
158646 1
158646 1
158649 1
158649 1
158649 1
158654 1
158654 1
158658 1
158658 1
158669 1
158669 1
158675 1
158678 1
158679 1
158681 1
158682 1
158682 1
158694 1
158696 1
158698 1
158698 1
158699 1
158702 1
158705 1
158717 1
158722 1
158723 1
158727 1
158730 1
158738 1
158743 1
158755 1
158755 1
158759 1
158772 1
158773 1
158775 1
158780 1
158785 1
158802 1
158802 1
158805 1
158812 1
158841 1
158853 1
158853 1
158890 1
158906 1
158912 1
158926 1
158936 1
158936 1
158957 1
158990 1
159014 1
159021 1
159021 1
159034 1
159059 1
159059 1
159069 1
159073 1
159074 1
159074 1
159096 1
159096 1
159103 1
159110 1
159110 1
159115 1
159115 1
159118 1
159120 1
159120 1
159160 1
159171 1
159176 1
159191 1
159218 1
159220 1
159227 1
159227 1
159229 1
159262 1
159262 1
159264 1
159264 1
159267 1
159293 1
159294 1
159303 1
159319 1
159328 1
159371 1
159411 1
159411 1
159422 1
159433 1
159433 1
159447 1
159461 1
159478 1
159495 1
159509 1
159514 1
159542 1
159552 1
159557 1
159569 1
159582 1
159582 1
159583 1
159587 1
159588 1
159590 1
159599 1
159599 1
159600 1
159600 1
159601 1
159601 1
159622 1
159622 1
159637 1
159637 1
159640 1
159642 1
159658 1
159676 1
159688 1
159706 1
159706 1
159716 1
159716 1
159726 1
159726 1
159737 1
159835 1
159855 1
159864 1
159871 1
159887 1
159890 1
159899 1
159905 1
159959 1
159964 1
159964 1
159974 1
159986 1
160012 1
160016 1
160016 1
160019 1
160068 1
160069 1
160074 1
160086 1
160090 1
160091 1
160091 1
160098 1
160105 1
160111 1
160134 1
160140 1
160141 1
160141 1
160156 1
160156 1
160168 1
160187 1
160187 1
160194 1
160194 1
160196 1
160196 1
160218 1
160218 1
160220 1
160220 1
160248 1
160256 1
160256 1
160269 1
160269 1
160274 1
160279 1
160294 1
160306 1
160314 1
160314 1
160318 1
160323 1
160323 1
160323 1
160324 1
160327 1
160338 1
160338 1
160338 1
160343 1
160343 1
160343 1
160347 1
160348 1
160349 1
160351 1
160354 1
160357 1
160357 1
160357 1
160359 1
160363 1
160368 1
160370 1
160370 1
160373 1
160373 1
160377 1
160378 1
160378 1
160379 1
160379 1
160384 1
160388 1
160389 1
160391 1
160394 1
160404 1
160409 1
160411 1
160417 1
160420 1
160422 1
160422 1
160426 1
160432 1
160440 1
160450 1
160452 1
160454 1
160461 1
160475 1
160477 1
160479 1
160481 1
160481 1
160483 1
160493 1
160493 1
160493 1
160495 1
160504 1
160519 1
160523 1
160527 1
160530 1
160530 1
160536 1
160536 1
160536 1
160547 1
160548 1
160549 1
160549 1
160549 1
160551 1
160556 1
160556 1
160564 1
160564 1
160569 1
160569 1
160569 1
160574 1
160575 1
160575 1
160583 1
160583 1
160583 1
160592 1
160614 1
160614 1
160616 1
160627 1
160628 1
160629 1
160631 1
160645 1
160647 1
160649 1
160649 1
160655 1
160656 1
160657 1
160657 1
160664 1
160669 1
160669 1
160670 1
160670 1
160670 1
160671 1
160671 1
160671 1
160693 1
160695 1
160703 1
160726 1
160740 1
160750 1
160750 1
160752 1
160752 1
160754 1
160756 1
160764 1
160764 1
160766 1
160772 1
160772 1
160784 1
160797 1
160797 1
160818 1
160818 1
160818 1
160819 1
160824 1
160830 1
160830 1
160834 1
160834 1
160834 1
160841 1
160867 1
160871 1
160884 1
160885 1
160888 1
160888 1
160894 1
160895 1
160895 1
160921 1
160934 1
160934 1
160935 1
160935 1
160935 1
160946 1
160947 1
160956 1
160956 1
160962 1
160981 1
160988 1
160997 1
161025 1
161025 1
161058 1
161059 1
161060 1
161066 1
161066 1
161067 1
161067 1
161070 1
161072 1
161086 1
161086 1
161088 1
161088 1
161094 1
161096 1
161104 1
161104 1
161105 1
161108 1
161113 1
161151 1
161151 1
161153 1
161159 1
161161 1
161167 1
161175 1
161175 1
161183 1
161193 1
161193 1
161193 1
161215 1
161215 1
161215 1
161218 1
161218 1
161229 1
161229 1
161243 1
161249 1
161253 1
161295 1
161310 1
161310 1
161329 1
161331 1
161343 1
161343 1
161346 1
161363 1
161368 1
161369 1
161369 1
161372 1
161375 1
161379 1
161387 1
161394 1
161400 1
161400 1
161400 1
161401 1
161407 1
161407 1
161434 1
161435 1
161445 1
161455 1
161456 1
161456 1
161457 1
161481 1
161501 1
161509 1
161543 1
161545 1
161552 1
161557 1
161575 1
161577 1
161577 1
161591 1
161597 1
161597 1
161604 1
161604 1
161604 1
161621 1
161622 1
161634 1
161645 1
161645 1
161646 1
161652 1
161659 1
161664 1
161664 1
161671 1
161671 1
161671 1
161675 1
161677 1
161683 1
161691 1
161700 1
161706 1
161708 1
161719 1
161719 1
161719 1
161722 1
161722 1
161734 1
161734 1
161740 1
161740 1
161742 1
161743 1
161743 1
161752 1
161755 1
161755 1
161756 1
161756 1
161766 1
161766 1
161768 1
161776 1
161776 1
161776 1
161776 1
161780 1
161782 1
161782 1
161792 1
161811 1
161829 1
161829 1
161830 1
161834 1
161835 1
161840 1
161842 1
161842 1
161842 1
161847 1
161864 1
161864 1
161866 1
161873 1
161883 1
161899 1
161899 1
161932 1
161932 1
161985 1
161990 1
161990 1
162016 1
162047 1
162053 1
162078 1
162086 1
162095 1
162127 1
162149 1
162149 1
162149 1
162158 1
162158 1
162167 1
162167 1
162173 1
162174 1
162187 1
162196 1
162212 1
162213 1
162222 1
162222 1
162225 1
162225 1
162228 1
162267 1
162268 1
162285 1
162288 1
162291 1
162291 1
162296 1
162325 1
162326 1
162326 1
162338 1
162338 1
162340 1
162347 1
162348 1
162364 1
162379 1
162379 1
162388 1
162388 1
162396 1
162396 1
162398 1
162407 1
162411 1
162418 1
162435 1
162454 1
162454 1
162460 1
162464 1
162464 1
162475 1
162487 1
162487 1
162488 1
162517 1
162517 1
162540 1
162540 1
162547 1
162551 1
162580 1
162581 1
162594 1
162606 1
162646 1
162646 1
162646 1
162647 1
162682 1
162682 1
162686 1
162692 1
162704 1
162709 1
162709 1
162711 1
162739 1
162739 1
162746 1
162756 1
162757 1
162769 1
162769 1
162769 1
162773 1
162789 1
162832 1
162835 1
162880 1
162880 1
162906 1
162906 1
162937 1
162954 1
162954 1
162981 1
163007 1
163007 1
163022 1
163025 1
163061 1
163067 1
163067 1
163082 1
163092 1
163092 1
163099 1
163124 1
163127 1
163138 1
163138 1
163168 1
163168 1
163184 1
163196 1
163211 1
163225 1
163270 1
163277 1
163277 1
163297 1
163297 1
163306 1
163309 1
163318 1
163323 1
163325 1
163325 1
163365 1
163374 1
163395 1
163395 1
163395 1
163447 1
163449 1
163449 1
163455 1
163458 1
163458 1
163469 1
163541 1
163569 1
163573 1
163575 1
163575 1
163607 1
163614 1
163616 1
163616 1
163619 1
163619 1
163655 1
163655 1
163671 1
163672 1
163678 1
163678 1
163679 1
163679 1
163685 1
163705 1
163706 1
163732 1
163732 1
163737 1
163737 1
163757 1
163760 1
163760 1
163784 1
163788 1
163789 1
163789 1
163790 1
163790 1
163794 1
163805 1
163807 1
163827 1
163827 1
163850 1
163860 1
163871 1
163881 1
163937 1
163937 1
164002 1
164013 1
164062 1
164067 1
164067 1
164068 1
164068 1
164069 1
164071 1
164071 1
164084 1
164111 1
164111 1
164118 1
164118 1
164146 1
164161 1
164182 1
164184 1
164188 1
164197 1
164197 1
164200 1
164200 1
164209 1
164216 1
164286 1
164286 1
164306 1
164306 1
164306 1
164329 1
164335 1
164361 1
164363 1
164371 1
164375 1
164380 1
164400 1
164407 1
164430 1
164433 1
164436 1
164444 1
164444 1
164454 1
164466 1
164466 1
164470 1
164470 1
164492 1
164503 1
164511 1
164514 1
164523 1
164528 1
164532 1
164532 1
164533 1
164533 1
164554 1
164566 1
164567 1
164567 1
164578 1
164578 1
164592 1
164592 1
164592 1
164612 1
164624 1
164624 1
164637 1
164638 1
164638 1
164652 1
164673 1
164673 1
164673 1
164686 1
164689 1
164702 1
164702 1
164704 1
164717 1
164717 1
164776 1
164776 1
164817 1
164817 1
164826 1
164846 1
164854 1
164856 1
164863 1
164863 1
164869 1
164878 1
164878 1
164884 1
164890 1
164903 1
164903 1
164934 1
164939 1
164947 1
164991 1
165031 1
165031 1
165034 1
165034 1
165038 1
165051 1
165056 1
165056 1
165074 1
165117 1
165135 1
165138 1
165138 1
165157 1
165158 1
165158 1
165158 1
165174 1
165183 1
165197 1
165243 1
165273 1
165285 1
165304 1
165309 1
165309 1
165310 1
165321 1
165336 1
165336 1
165339 1
165339 1
165380 1
165383 1
165383 1
165423 1
165423 1
165484 1
165501 1
165502 1
165508 1
165534 1
165621 1
165621 1
165637 1
165642 1
165642 1
165660 1
165670 1
165678 1
165679 1
165681 1
165690 1
165753 1
165757 1
165757 1
165757 1
165768 1
165772 1
165772 1
165827 1
165827 1
165838 1
165840 1
165865 1
165865 1
165884 1
165903 1
165903 1
165937 1
165957 1
165967 1
165978 1
165985 1
165985 1
165993 1
165997 1
166006 1
166009 1
166014 1
166038 1
166038 1
166101 1
166120 1
166122 1
166123 1
166160 1
166192 1
166215 1
166216 1
166295 1
166321 1
166333 1
166333 1
166346 1
166346 1
166346 1
166354 1
166449 1
166464 1
166497 1
166536 1
166540 1
166540 1
166541 1
166555 1
166585 1
166606 1
166639 1
166651 1
166669 1
166669 1
166669 1
166683 1
166683 1
166703 1
166753 1
166753 1
166782 1
166787 1
166787 1
166804 1
166813 1
166813 1
166814 1
166814 1
166814 1
166823 1
166823 1
166871 1
166911 1
166911 1
166921 1
166922 1
166922 1
166922 1
166927 1
166980 1
166980 1
166980 1
166991 1
166991 1
167031 1
167031 1
167031 1
167042 1
167042 1
167049 1
167049 1
167052 1
167055 1
167082 1
167090 1
167090 1
167107 1
167107 1
167126 1
167126 1
167129 1
167131 1
167131 1
167175 1
167175 1
167211 1
167252 1
167253 1
167253 1
167253 1
167278 1
167278 1
167281 1
167281 1
167368 1
167368 1
167429 1
167429 1
167452 1
167470 1
167529 1
167606 1
167608 1
167646 1
167646 1
167667 1
167711 1
167711 1
167723 1
167757 1
167757 1
167812 1
167820 1
167864 1
167865 1
167865 1
167865 1
167948 1
167958 1
167958 1
167996 1
167996 1
168017 1
168017 1
168091 1
168091 1
168179 1
168181 1
168181 1
168182 1
168182 1
168217 1
168217 1
168249 1
168249 1
168288 1
168362 1
168362 1
168362 1
168397 1
168471 1
168474 1
168474 1
168476 1
168476 1
168481 1
168481 1
168484 1
168488 1
168488 1
168530 1
168622 1
168669 1
168669 1
168706 1
168745 1
168750 1
168780 1
168780 1
168816 1
168816 1
168819 1
168819 1
168876 1
168876 1
168961 1
168961 1
168965 1
168973 1
168983 1
168993 1
169063 1
169095 1
169188 1
169199 1
169209 1
169209 1
169211 1
169211 1
169269 1
169337 1
169356 1
169369 1
169369 1
169427 1
169442 1
169442 1
169485 1
169485 1
169490 1
169513 1
169513 1
169528 1
169528 1
169589 1
169589 1
169621 1
169625 1
169717 1
169725 1
169725 1
169726 1
169745 1
169745 1
169781 1
169790 1
169842 1
169857 1
169887 1
169904 1
169904 1
169920 1
169992 1
170006 1
170006 1
170034 1
170057 1
170064 1
170064 1
170078 1
170215 1
170215 1
170256 1
170332 1
170344 1
170349 1
170357 1
170381 1
170415 1
170415 1
170458 1
170458 1
170463 1
170469 1
170469 1
170486 1
170507 1
170550 1
170591 1
170606 1
170606 1
170621 1
170621 1
170645 1
170660 1
170669 1
170690 1
170714 1
170714 1
170720 1
170730 1
170730 1
170798 1
170866 1
170904 1
170912 1
170925 1
170946 1
170954 1
170957 1
170957 1
170985 1
170989 1
170989 1
170998 1
170998 1
171033 1
171033 1
171033 1
171144 1
171156 1
171185 1
171185 1
171197 1
171197 1
171220 1
171254 1
171256 1
171267 1
171295 1
171329 1
171329 1
171329 1
171329 1
171337 1
171337 1
171362 1
171362 1
171454 1
171477 1
171499 1
171523 1
171533 1
171539 1
171559 1
171575 1
171575 1
171575 1
171578 1
171735 1
171743 1
171818 1
171818 1
171825 1
171853 1
171947 1
171947 1
171966 1
171966 1
172024 1
172043 1
172052 1
172054 1
172077 1
172089 1
172106 1
172106 1
172126 1
172194 1
172213 1
172213 1
172227 1
172227 1
172274 1
172296 1
172296 1
172304 1
172351 1
172379 1
172431 1
172440 1
172509 1
172509 1
172517 1
172527 1
172584 1
172584 1
172645 1
172651 1
172687 1
172721 1
172721 1
