692 6.564027161944396E-6
574 3.282013580972198E-6
932 3.282013580972198E-6
324 3.282013580972198E-6
180 3.282013580972198E-6
340 6.564027161944396E-6
130 2.6256108647777584E-5
3066 3.282013580972198E-6
582 3.282013580972198E-6
66 7.220429878138836E-5
138 1.641006790486099E-5
170 6.564027161944396E-6
14 0.0021792570177655395
1880 3.282013580972198E-6
24 5.841984174130512E-4
520 3.282013580972198E-6
990 3.282013580972198E-6
146 6.564027161944396E-6
140 1.9692081485833188E-5
204 9.846040742916594E-6
514 3.282013580972198E-6
390 3.282013580972198E-6
212 3.282013580972198E-6
226 1.641006790486099E-5
2848 3.282013580972198E-6
318 6.564027161944396E-6
956 3.282013580972198E-6
1318 3.282013580972198E-6
12 0.003324679757524837
38 2.0020282843930407E-4
712 3.282013580972198E-6
94 3.610214939069418E-5
330 6.564027161944396E-6
100 1.641006790486099E-5
160 1.3128054323888792E-5
332 3.282013580972198E-6
112 2.2974095066805387E-5
420 3.282013580972198E-6
300 3.282013580972198E-6
22 7.187609742329114E-4
194 1.3128054323888792E-5
126 9.846040742916594E-6
118 2.2974095066805387E-5
40 1.706647062105543E-4
186 6.564027161944396E-6
1130 3.282013580972198E-6
58 9.189638026722155E-5
198 9.846040742916594E-6
136 1.3128054323888792E-5
1280 3.282013580972198E-6
1224 3.282013580972198E-6
196 1.641006790486099E-5
168 9.846040742916594E-6
254 1.641006790486099E-5
96 4.266617655263857E-5
338 3.282013580972198E-6
296 3.282013580972198E-6
918 3.282013580972198E-6
82 3.610214939069418E-5
216 6.564027161944396E-6
950 3.282013580972198E-6
28 4.758919692409687E-4
292 6.564027161944396E-6
98 2.2974095066805387E-5
222 6.564027161944396E-6
30 3.31483371678192E-4
246 6.564027161944396E-6
354 3.282013580972198E-6
92 3.9384162971666375E-5
266 6.564027161944396E-6
110 1.9692081485833188E-5
214 6.564027161944396E-6
106 2.2974095066805387E-5
252 6.564027161944396E-6
322 6.564027161944396E-6
72 4.923020371458297E-5
248 6.564027161944396E-6
78 3.9384162971666375E-5
144 6.564027161944396E-6
218 9.846040742916594E-6
178 6.564027161944396E-6
824 3.282013580972198E-6
84 2.9538122228749783E-5
122 6.564027161944396E-6
56 1.2143450249597132E-4
76 4.923020371458297E-5
756 3.282013580972198E-6
708 3.282013580972198E-6
310 6.564027161944396E-6
2106 3.282013580972198E-6
394 3.282013580972198E-6
1122 3.282013580972198E-6
32 3.085092766113866E-4
1968 3.282013580972198E-6
1024 3.282013580972198E-6
124 1.3128054323888792E-5
164 3.282013580972198E-6
438 3.282013580972198E-6
206 1.3128054323888792E-5
382 3.282013580972198E-6
804 6.564027161944396E-6
882 3.282013580972198E-6
8 0.008641541758699798
2070 3.282013580972198E-6
174 1.641006790486099E-5
44 1.2471651607694353E-4
88 3.282013580972198E-5
372 6.564027161944396E-6
244 6.564027161944396E-6
34 2.6584310005874805E-4
4 0.04403149420232301
2774 3.282013580972198E-6
412 3.282013580972198E-6
134 2.6256108647777584E-5
150 6.564027161944396E-6
502 3.282013580972198E-6
80 4.266617655263857E-5
104 9.846040742916594E-6
510 3.282013580972198E-6
458 3.282013580972198E-6
152 3.282013580972198E-6
272 6.564027161944396E-6
396 3.282013580972198E-6
270 9.846040742916594E-6
682 3.282013580972198E-6
202 6.564027161944396E-6
236 3.282013580972198E-6
74 6.892228520041616E-5
316 1.3128054323888792E-5
90 3.282013580972198E-5
418 3.282013580972198E-6
238 3.282013580972198E-6
18 0.0012241910657026299
20 8.237854088240217E-4
400 3.282013580972198E-6
342 6.564027161944396E-6
888 3.282013580972198E-6
268 9.846040742916594E-6
462 3.282013580972198E-6
3760 3.282013580972198E-6
256 3.282013580972198E-6
552 6.564027161944396E-6
1602 3.282013580972198E-6
334 3.282013580972198E-6
162 9.846040742916594E-6
13098 3.282013580972198E-6
1214 3.282013580972198E-6
224 3.282013580972198E-6
668 6.564027161944396E-6
278 6.564027161944396E-6
120 2.6256108647777584E-5
424 3.282013580972198E-6
200 9.846040742916594E-6
166 6.564027161944396E-6
46 1.2143450249597132E-4
142 1.3128054323888792E-5
62 5.9076244457499567E-5
172 9.846040742916594E-6
250 9.846040742916594E-6
594 3.282013580972198E-6
264 3.282013580972198E-6
442 3.282013580972198E-6
190 9.846040742916594E-6
6 0.01757518272610612
284 6.564027161944396E-6
378 3.282013580972198E-6
86 3.9384162971666375E-5
60 7.548631236236056E-5
114 6.564027161944396E-6
282 3.282013580972198E-6
328 3.282013580972198E-6
26 4.627639149170799E-4
176 3.282013580972198E-6
2 0.19568021372472438
398 6.564027161944396E-6
360 3.282013580972198E-6
52 1.0830644817208254E-4
800 3.282013580972198E-6
298 3.282013580972198E-6
16 0.0015523924237998497
156 6.564027161944396E-6
750 3.282013580972198E-6
158 6.564027161944396E-6
54 1.2143450249597132E-4
286 3.282013580972198E-6
50 9.189638026722155E-5
262 3.282013580972198E-6
36 2.6912511363972024E-4
426 3.282013580972198E-6
64 4.923020371458297E-5
188 3.282013580972198E-6
1488 3.282013580972198E-6
294 3.282013580972198E-6
416 3.282013580972198E-6
358 6.564027161944396E-6
154 3.282013580972198E-6
362 3.282013580972198E-6
132 3.282013580972198E-6
4486 3.282013580972198E-6
380 3.282013580972198E-6
290 9.846040742916594E-6
70 6.892228520041616E-5
432 1.3128054323888792E-5
2166 3.282013580972198E-6
364 3.282013580972198E-6
108 2.2974095066805387E-5
500 3.282013580972198E-6
7870 3.282013580972198E-6
660 3.282013580972198E-6
10 0.005100249104830795
148 6.564027161944396E-6
540 3.282013580972198E-6
564 3.282013580972198E-6
818 3.282013580972198E-6
870 3.282013580972198E-6
966 3.282013580972198E-6
724 3.282013580972198E-6
410 3.282013580972198E-6
276 6.564027161944396E-6
232 9.846040742916594E-6
3470 3.282013580972198E-6
116 9.846040742916594E-6
48 1.2143450249597132E-4
128 9.846040742916594E-6
240 6.564027161944396E-6
260 3.282013580972198E-6
446 3.282013580972198E-6
42 1.542546383056933E-4
102 2.2974095066805387E-5
210 6.564027161944396E-6
6594 3.282013580972198E-6
604 6.564027161944396E-6
478 3.282013580972198E-6
484 3.282013580972198E-6
776 3.282013580972198E-6
234 9.846040742916594E-6
356 3.282013580972198E-6
68 6.564027161944397E-5
384 3.282013580972198E-6
147 9.846040742916594E-6
19 0.0011552687805022137
39 2.1661289634416508E-4
315 3.282013580972198E-6
297 3.282013580972198E-6
71 4.5948190133610775E-5
373 3.282013580972198E-6
529 3.282013580972198E-6
171 3.282013580972198E-6
11 0.003961390392233443
933 3.282013580972198E-6
2013 3.282013580972198E-6
37 1.9692081485833188E-4
303 3.282013580972198E-6
185 1.641006790486099E-5
195 9.846040742916594E-6
201 3.282013580972198E-6
1 0.5733874646773288
63 5.9076244457499567E-5
17 0.0013160874459698514
203 6.564027161944396E-6
447 3.282013580972198E-6
211 3.282013580972198E-6
217 6.564027161944396E-6
21 7.942472865952719E-4
139 2.2974095066805387E-5
367 3.282013580972198E-6
321 3.282013580972198E-6
77 5.251221729555517E-5
331 3.282013580972198E-6
1809 3.282013580972198E-6
283 6.564027161944396E-6
533 6.564027161944396E-6
945 3.282013580972198E-6
131 2.2974095066805387E-5
59 1.0174242101013815E-4
1839 3.282013580972198E-6
799 3.282013580972198E-6
255 3.282013580972198E-6
637 3.282013580972198E-6
509 3.282013580972198E-6
677 3.282013580972198E-6
293 3.282013580972198E-6
93 1.3128054323888792E-5
113 1.3128054323888792E-5
731 3.282013580972198E-6
165 6.564027161944396E-6
547 3.282013580972198E-6
31 3.0522726303041444E-4
701 3.282013580972198E-6
137 1.9692081485833188E-5
81 3.282013580972198E-5
645 3.282013580972198E-6
229 6.564027161944396E-6
387 3.282013580972198E-6
231 6.564027161944396E-6
345 3.282013580972198E-6
649 3.282013580972198E-6
29 4.3650780626930234E-4
79 2.9538122228749783E-5
375 6.564027161944396E-6
3493 3.282013580972198E-6
603 3.282013580972198E-6
127 1.641006790486099E-5
191 6.564027161944396E-6
161 3.282013580972198E-6
57 1.0174242101013815E-4
149 1.3128054323888792E-5
741 3.282013580972198E-6
1765 3.282013580972198E-6
581 3.282013580972198E-6
313 3.282013580972198E-6
463 3.282013580972198E-6
2689 3.282013580972198E-6
83 1.9692081485833188E-5
251 6.564027161944396E-6
9 0.006383516414990925
49 1.575366518866655E-4
1085 3.282013580972198E-6
109 1.9692081485833188E-5
1567 3.282013580972198E-6
167 6.564027161944396E-6
187 3.282013580972198E-6
115 6.564027161944396E-6
337 6.564027161944396E-6
15 0.0018444916325063754
631 3.282013580972198E-6
243 1.641006790486099E-5
95 3.9384162971666375E-5
585 6.564027161944396E-6
847 3.282013580972198E-6
73 2.2974095066805387E-5
891 3.282013580972198E-6
181 3.282013580972198E-6
227 9.846040742916594E-6
1269 3.282013580972198E-6
237 3.282013580972198E-6
759 3.282013580972198E-6
141 1.641006790486099E-5
143 2.6256108647777584E-5
7 0.011884171176700329
223 6.564027161944396E-6
1035 6.564027161944396E-6
819 3.282013580972198E-6
499 3.282013580972198E-6
457 3.282013580972198E-6
1037 3.282013580972198E-6
439 3.282013580972198E-6
151 1.641006790486099E-5
101 3.610214939069418E-5
2229 3.282013580972198E-6
491 3.282013580972198E-6
327 3.282013580972198E-6
153 1.641006790486099E-5
193 9.846040742916594E-6
265 3.282013580972198E-6
417 3.282013580972198E-6
289 3.282013580972198E-6
437 3.282013580972198E-6
353 3.282013580972198E-6
105 1.3128054323888792E-5
125 1.3128054323888792E-5
359 3.282013580972198E-6
65 7.220429878138836E-5
157 1.3128054323888792E-5
35 2.2974095066805386E-4
383 3.282013580972198E-6
111 2.6256108647777584E-5
175 3.282013580972198E-6
415 3.282013580972198E-6
497 3.282013580972198E-6
449 3.282013580972198E-6
279 3.282013580972198E-6
89 1.9692081485833188E-5
341 6.564027161944396E-6
241 3.282013580972198E-6
339 3.282013580972198E-6
103 1.9692081485833188E-5
481 3.282013580972198E-6
773 3.282013580972198E-6
199 6.564027161944396E-6
269 1.641006790486099E-5
99 1.9692081485833188E-5
145 6.564027161944396E-6
713 3.282013580972198E-6
41 1.4440859756277672E-4
253 6.564027161944396E-6
277 3.282013580972198E-6
643 3.282013580972198E-6
837 3.282013580972198E-6
169 3.282013580972198E-6
53 1.1815248891499913E-4
395 3.282013580972198E-6
25 5.054300914697185E-4
333 3.282013580972198E-6
36009 3.282013580972198E-6
545 6.564027161944396E-6
1931 3.282013580972198E-6
213 6.564027161944396E-6
471 3.282013580972198E-6
393 3.282013580972198E-6
33 2.789711543826368E-4
561 3.282013580972198E-6
23 6.95786879166106E-4
797 3.282013580972198E-6
67 4.923020371458297E-5
69 6.564027161944397E-5
3 0.07634619992057527
135 1.3128054323888792E-5
85 2.9538122228749783E-5
405 3.282013580972198E-6
123 1.641006790486099E-5
91 1.9692081485833188E-5
87 3.282013580972198E-5
197 3.282013580972198E-6
5 0.026528515774998276
177 6.564027161944396E-6
225 6.564027161944396E-6
13 0.0027437633536927576
119 2.2974095066805387E-5
475 3.282013580972198E-6
239 3.282013580972198E-6
189 3.282013580972198E-6
271 6.564027161944396E-6
455 3.282013580972198E-6
1719 3.282013580972198E-6
323 3.282013580972198E-6
407 3.282013580972198E-6
55 6.892228520041616E-5
477 3.282013580972198E-6
757 3.282013580972198E-6
691 3.282013580972198E-6
107 1.3128054323888792E-5
121 3.282013580972198E-6
349 3.282013580972198E-6
179 6.564027161944396E-6
531 3.282013580972198E-6
75 3.610214939069418E-5
51 9.846040742916594E-5
219 6.564027161944396E-6
133 3.282013580972198E-6
205 6.564027161944396E-6
45 1.5097262472472112E-4
949 3.282013580972198E-6
305 3.282013580972198E-6
173 1.3128054323888792E-5
183 1.641006790486099E-5
273 3.282013580972198E-6
1009 3.282013580972198E-6
1493 3.282013580972198E-6
43 1.378445704008323E-4
1135 3.282013580972198E-6
555 6.564027161944396E-6
159 6.564027161944396E-6
61 5.579423087652737E-5
2241 3.282013580972198E-6
663 6.564027161944396E-6
47 1.476906111437489E-4
301 9.846040742916594E-6
747 3.282013580972198E-6
485 3.282013580972198E-6
97 3.282013580972198E-5
1063 3.282013580972198E-6
281 9.846040742916594E-6
207 3.282013580972198E-6
117 1.641006790486099E-5
2417 3.282013580972198E-6
27 4.3978981985027453E-4
777 3.282013580972198E-6
295 3.282013580972198E-6
257 9.846040742916594E-6
335 3.282013580972198E-6
163 1.641006790486099E-5
361 3.282013580972198E-6
749 6.564027161944396E-6
357 3.282013580972198E-6
209 3.282013580972198E-6
517 6.564027161944396E-6
365 3.282013580972198E-6
129 9.846040742916594E-6
155 1.3128054323888792E-5
