0 2
209 2
2 2
9 2
16 2
43 2
12 2
260 2
0 2
0 2
73 2
136 2
0 2
18 2
0 2
84 2
27 2
31 2
138 2
0 2
111 2
110 2
35 2
172 2
205 2
0 2
131 2
8 2
62 2
236 2
0 2
49 2
0 2
113 2
66 2
0 2
5 2
91 2
0 2
18 2
0 2
204 2
18 2
17 2
187 2
0 2
140 2
0 2
0 2
106 2
92 2
16 2
248 2
19 2
2 2
0 2
24 2
0 2
115 2
78 2
11 2
72 2
0 2
21 2
161 2
43 2
0 2
195 2
131 2
22 2
123 2
37 2
0 2
51 2
0 2
191 2
0 2
144 2
0 2
0 2
169 2
0 2
0 2
318 2
42 2
62 2
9 2
0 2
0 2
0 2
37 2
44 2
0 2
85 2
60 2
29 2
51 2
77 2
90 2
0 2
59 2
48 2
6 2
172 2
0 2
52 2
398 2
188 2
0 2
144 2
197 2
72 2
148 2
67 2
30 2
7 2
31 2
0 2
127 2
50 2
0 2
73 2
0 2
95 2
155 2
55 2
0 2
134 2
67 2
0 2
18 2
101 2
119 2
0 2
0 2
35 2
0 2
59 2
0 2
27 2
67 2
72 2
6 2
105 2
0 2
192 2
166 2
0 2
132 2
11 2
204 2
285 2
1 2
13 2
121 2
1 2
151 2
3 2
0 2
123 2
210 2
0 2
32 2
0 2
0 2
62 2
0 2
32 2
0 2
69 2
0 2
0 2
52 2
12 2
0 2
0 2
40 2
225 2
16 2
256 2
34 2
0 2
157 2
76 2
110 2
2 2
68 2
29 2
116 2
0 2
42 2
105 2
0 2
45 2
0 2
149 2
105 2
0 2
43 2
0 2
73 2
104 2
0 2
61 2
0 2
169 2
22 2
173 2
162 2
0 2
78 2
203 2
93 2
138 2
117 2
83 2
23 2
15 2
41 2
93 2
456 2
0 2
60 2
1 2
161 2
0 2
83 2
12 2
0 2
26 2
0 2
42 2
5 2
60 2
5 2
172 2
36 2
310 2
0 2
71 2
193 2
3 2
53 2
67 2
299 2
33 2
19 2
125 2
137 2
0 2
88 2
56 2
60 2
0 2
117 2
154 2
64 2
0 2
56 2
196 2
66 2
0 2
123 2
193 2
171 2
3 2
5 2
5 2
2 2
6 2
357 2
90 2
0 2
252 2
51 2
59 2
46 2
460 2
0 2
9 2
357 2
255 2
29 2
0 2
50 2
153 2
97 2
75 2
170 2
137 2
88 2
0 2
22 2
5 2
69 2
114 2
0 2
20 2
9 2
114 2
2 2
0 2
22 2
0 2
29 2
157 2
15 2
0 2
2 2
31 2
0 2
134 2
84 2
12 2
168 2
3 2
12 2
113 2
179 2
8 2
12 2
58 2
7 2
255 2
132 2
91 2
70 2
82 2
0 2
57 2
61 2
0 2
133 2
0 2
22 2
222 2
60 2
158 2
0 2
219 2
41 2
23 2
0 2
32 2
0 2
0 2
0 2
0 2
4 2
50 2
92 2
0 2
263 2
29 2
21 2
44 2
0 2
370 2
170 2
102 2
16 2
108 2
7 2
0 2
98 2
0 2
0 2
13 2
168 2
47 2
0 2
28 2
24 2
177 2
0 2
37 2
0 2
91 2
19 2
91 2
85 2
0 2
51 2
36 2
51 2
56 2
55 2
25 2
120 2
58 2
15 2
0 2
2 2
348 2
0 2
19 2
138 2
34 2
269 2
0 2
37 2
67 2
117 2
254 2
79 2
52 2
0 2
15 2
38 2
0 2
103 2
136 2
216 2
102 2
55 2
41 2
192 2
76 2
0 2
159 2
70 2
20 2
20 2
36 2
137 2
10 2
0 2
170 2
70 2
40 2
32 2
129 2
0 2
5 2
5 2
238 2
0 2
110 2
0 2
9 2
428 2
108 2
97 2
229 2
241 2
71 2
69 2
0 2
2 2
151 2
48 2
0 2
59 2
45 2
5 2
32 2
35 2
575 2
33 2
0 2
25 2
0 2
19 2
0 2
45 2
38 2
116 2
0 2
479 2
162 2
85 2
50 2
107 2
28 2
171 2
127 2
127 2
16 2
86 2
0 2
52 2
21 2
100 2
12 2
113 2
77 2
2 2
57 2
71 2
89 2
0 2
150 2
7 2
126 2
235 2
172 2
173 2
43 2
72 2
0 2
49 2
0 2
76 2
260 2
0 2
80 2
199 2
93 2
18 2
5 2
0 2
4 2
93 2
172 2
160 2
27 2
0 2
8 2
0 2
209 2
119 2
0 2
0 2
39 2
148 2
0 2
55 2
0 2
0 2
47 2
70 2
0 2
21 2
151 2
0 2
22 2
35 2
0 2
61 2
159 2
20 2
0 2
0 2
74 2
0 2
0 2
116 2
80 2
56 2
28 2
0 2
38 2
73 2
0 2
71 2
29 2
16 2
55 2
31 2
25 2
42 2
11 2
0 2
57 2
76 2
6 2
0 2
43 2
3 2
0 2
18 2
91 2
56 2
68 2
0 2
2 2
19 2
199 2
69 2
154 2
141 2
46 2
133 2
0 2
102 2
23 2
0 2
28 2
25 2
0 2
0 2
47 2
45 2
201 2
82 2
122 2
143 2
95 2
122 2
56 2
137 2
37 2
0 2
14 2
256 2
36 2
76 2
0 2
0 2
0 2
72 2
0 2
0 2
0 2
0 2
0 2
20 2
116 2
68 2
55 2
30 2
0 2
29 2
32 2
52 2
5 2
14 2
87 2
0 2
9 2
120 2
0 2
7 2
47 2
26 2
44 2
10 2
0 2
205 2
0 2
11 2
37 2
31 2
0 2
190 2
90 2
0 2
251 2
72 2
134 2
28 2
0 2
16 2
65 2
0 2
3 2
0 2
59 2
8 2
0 2
72 2
5 2
63 2
0 2
19 2
0 2
179 2
14 2
17 2
8 2
55 2
7 2
0 2
38 2
31 2
43 2
52 2
38 2
73 2
50 2
49 2
0 2
41 2
9 2
7 2
20 2
35 2
84 2
49 2
38 2
5 2
0 2
34 2
0 2
28 2
0 2
49 2
1 2
122 2
8 2
54 2
0 2
37 2
0 2
28 2
213 2
0 2
26 2
100 2
186 2
0 2
218 2
24 2
0 2
30 2
0 2
10 2
104 2
86 2
70 2
0 2
0 2
80 2
17 2
0 2
25 2
8 2
0 2
37 2
0 2
17 2
0 2
94 2
33 2
81 2
0 2
0 2
157 2
0 2
74 2
0 2
10 2
0 2
33 2
0 2
36 2
0 2
0 2
21 2
0 2
16 2
2 2
85 2
0 2
0 2
46 2
3 2
0 2
32 2
1 2
0 2
27 2
115 2
4 2
28 2
34 2
94 2
20 2
34 2
0 2
87 2
18 2
26 2
0 2
170 2
29 2
59 2
0 2
9 2
21 2
55 2
0 2
77 2
0 2
132 2
6 2
78 2
0 2
19 2
18 2
56 2
36 2
108 2
20 2
15 2
196 2
129 2
75 2
42 2
26 2
194 2
3 2
116 2
265 2
33 2
0 2
40 2
0 2
45 2
46 2
22 2
6 2
0 2
23 2
42 2
4 2
74 2
0 2
18 2
113 2
5 2
68 2
39 2
40 2
1 2
1 2
10 2
49 2
15 2
0 2
201 2
0 2
61 2
95 2
59 2
19 2
120 2
50 2
0 2
26 2
65 2
0 2
24 2
14 2
6 2
9 2
25 2
0 2
3 2
34 2
16 2
208 2
57 2
61 2
4 2
26 2
20 2
0 2
3 2
12 2
0 2
62 2
0 2
90 2
0 2
13 2
15 2
0 2
87 2
64 2
53 2
0 2
24 2
213 2
27 2
8 2
0 2
117 2
19 2
124 2
0 2
0 2
12 2
148 2
0 2
63 2
2 2
0 2
16 2
49 2
8 2
0 2
45 2
158 2
0 2
12 2
122 2
0 2
0 2
93 2
6 2
45 2
167 2
82 2
71 2
0 2
10 2
0 2
65 2
31 2
76 2
111 2
3 2
9 2
93 2
6 2
47 2
61 2
73 2
54 2
2 2
61 2
151 2
199 2
59 2
73 2
115 2
18 2
26 2
67 2
0 2
12 2
2 2
14 2
0 2
1 2
0 2
12 2
0 2
20 2
0 2
8 2
39 2
0 2
8 2
0 2
9 2
0 2
2 2
0 2
4 2
0 2
7 2
0 2
11 2
0 2
2 2
0 2
0 2
0 2
6 2
0 2
24 2
0 2
10 2
0 2
5 2
0 2
31 2
0 2
8 2
0 2
5 2
0 2
2 2
0 2
0 2
15 2
10 2
0 2
11 2
0 2
1 2
0 2
13 2
0 2
22 2
0 2
18 2
0 2
44 2
0 2
0 2
0 2
15 2
4 2
0 2
1 2
0 2
12 2
0 2
17 2
0 2
2 2
0 2
25 2
0 2
19 2
0 2
0 2
5 2
0 2
0 2
0 2
1 2
0 2
1 2
9 2
5 2
0 2
4 2
0 2
0 2
8 2
0 2
6 2
0 2
0 2
0 2
11 2
0 2
7 2
0 2
5 2
0 2
14 2
0 2
3 2
0 2
9 2
0 2
19 2
0 2
28 2
0 2
16 2
0 2
6 2
13 2
28 2
1 2
0 2
14 2
0 2
17 2
6 2
0 2
2 2
0 2
1 2
0 2
16 2
0 2
5 2
15 2
2 2
4 2
0 2
14 2
0 2
2 2
0 2
2 2
12 2
0 2
2 2
0 2
6 2
0 2
4 2
0 2
4 2
0 2
2 2
0 2
2 2
2 2
0 2
27 2
22 2
0 2
25 2
0 2
0 2
0 2
5 2
0 2
2 2
0 2
14 2
0 2
28 2
18 2
0 2
32 2
0 2
5 2
0 2
2 2
0 2
16 2
0 2
42 2
0 2
5 2
0 2
1 2
0 2
0 2
0 2
18 2
7 2
2 2
0 2
12 2
0 2
4 2
0 2
24 2
0 2
18 2
0 2
0 2
0 2
18 2
0 2
0 2
18 2
0 2
1 2
0 2
5 2
0 2
13 2
0 2
32 2
19 2
0 2
10 2
100 2
5 2
0 2
39 2
11 2
0 2
23 2
13 2
8 2
0 2
16 2
0 2
52 2
49 2
0 2
14 2
0 2
12 2
0 2
12 2
0 2
0 2
40 2
0 2
0 2
6 2
0 2
0 2
6 2
0 2
22 2
21 2
0 2
40 2
0 2
3 2
0 2
29 2
40 2
0 2
118 2
2 2
3 2
0 2
17 2
3 2
2 2
32 2
0 2
29 2
0 2
2 2
0 2
33 2
0 2
4 2
0 2
13 2
1 2
0 2
13 2
24 2
0 2
19 2
0 2
0 2
6 2
10 2
26 2
1 2
0 2
0 2
1 2
12 2
0 2
8 2
14 2
0 2
16 2
5 2
7 2
0 2
6 2
20 2
8 2
0 2
6 2
0 2
4 2
95 2
0 2
12 2
0 2
0 2
55 2
4 2
0 2
0 2
25 2
2 2
34 2
1 2
0 2
3 2
0 2
20 2
37 2
0 2
40 2
2 2
0 2
10 2
6 2
0 2
28 2
11 2
0 2
3 2
0 2
24 2
5 2
24 2
0 2
12 2
6 2
0 2
13 2
0 2
26 2
6 2
0 2
10 2
4 2
0 2
5 2
1 2
9 2
1 2
0 2
26 2
33 2
0 2
25 2
0 2
7 2
0 2
5 2
43 2
3 2
11 2
0 2
8 2
0 2
33 2
28 2
0 2
1 2
61 2
0 2
0 2
30 2
0 2
21 2
0 2
14 2
0 2
37 2
34 2
9 2
7 2
0 2
1 2
29 2
4 2
5 2
14 2
0 2
32 2
12 2
17 2
0 2
21 2
4 2
11 2
5 2
0 2
6 2
2 2
2 2
6 2
12 2
6 2
4 2
12 2
4 2
3 2
1 2
0 2
9 2
25 2
0 2
2 2
0 2
0 2
32 2
22 2
0 2
11 2
3 2
10 2
17 2
7 2
4 2
0 2
7 2
8 2
8 2
3 2
12 2
13 2
29 2
34 2
28 2
12 2
1 2
0 2
7 2
0 2
47 2
7 2
8 2
1 2
0 2
8 2
0 2
0 2
9 2
5 2
0 2
2 2
0 2
2 2
8 2
15 2
0 2
40 2
5 2
0 2
3 2
0 2
1 2
0 2
95 2
0 2
12 2
34 2
49 2
10 2
0 2
5 2
17 2
22 2
0 2
18 2
2 2
59 2
0 2
18 2
0 2
9 2
45 2
7 2
6 2
0 2
11 2
13 2
0 2
6 2
0 2
18 2
11 2
39 2
0 2
10 2
0 2
0 2
0 2
30 2
31 2
0 2
12 2
0 2
1 2
43 2
7 2
0 2
12 2
0 2
24 2
0 2
6 2
0 2
6 2
20 2
0 2
9 2
0 2
2 2
0 2
4 2
0 2
9 2
1 2
0 2
13 2
0 2
9 2
8 2
0 2
11 2
0 2
18 2
36 2
4 2
0 2
4 2
0 2
8 2
24 2
0 2
18 2
0 2
4 2
0 2
0 2
9 2
0 2
16 2
8 2
0 2
23 2
0 2
3 2
0 2
4 2
0 2
0 2
0 2
11 2
26 2
21 2
0 2
17 2
0 2
37 2
6 2
16 2
24 2
0 2
18 2
18 2
0 2
13 2
0 2
6 2
0 2
18 2
4 2
0 2
11 2
10 2
0 2
1 2
16 2
5 2
0 2
33 2
0 2
43 2
8 2
9 2
5 2
0 2
9 2
0 2
10 2
5 2
0 2
20 2
0 2
21 2
18 2
0 2
12 2
0 2
22 2
6 2
10 2
71 2
0 2
8 2
0 2
0 2
22 2
0 2
11 2
0 2
36 2
0 2
48 2
0 2
8 2
31 2
25 2
0 2
69 2
0 2
29 2
0 2
30 2
47 2
0 2
27 2
0 2
11 2
8 2
3 2
5 2
0 2
3 2
19 2
0 2
18 2
14 2
0 2
3 2
0 2
11 2
34 2
20 2
0 2
54 2
6 2
11 2
0 2
36 2
38 2
40 2
23 2
0 2
1 2
1 2
18 2
0 2
20 2
1 2
22 2
23 2
0 2
38 2
0 2
20 2
0 2
13 2
0 2
5 2
1 2
41 2
0 2
28 2
0 2
1 2
22 2
0 2
6 2
0 2
32 2
46 2
0 2
19 2
0 2
17 2
50 2
11 2
7 2
14 2
0 2
26 2
1 2
0 2
6 2
0 2
21 2
15 2
0 2
12 2
10 2
0 2
90 2
0 2
55 2
17 2
0 2
105 2
4 2
0 2
4 2
0 2
1 2
38 2
0 2
6 2
2 2
50 2
0 2
17 2
23 2
0 2
40 2
15 2
36 2
73 2
33 2
12 2
27 2
0 2
40 2
9 2
0 2
20 2
0 2
5 2
4 2
0 2
3 2
5 2
65 2
0 2
10 2
0 2
19 2
33 2
0 2
2 2
0 2
58 2
0 2
38 2
10 2
0 2
29 2
0 2
20 2
15 2
0 2
78 2
2 2
17 2
13 2
0 2
3 2
25 2
0 2
53 2
60 2
66 2
0 2
10 2
10 2
0 2
24 2
27 2
0 2
12 2
0 2
14 2
0 2
15 2
0 2
12 2
0 2
30 2
8 2
0 2
15 2
0 2
1 2
0 2
7 2
23 2
10 2
19 2
20 2
16 2
0 2
26 2
0 2
26 2
0 2
43 2
7 2
0 2
35 2
69 2
9 2
0 2
0 2
15 2
0 2
10 2
0 2
37 2
0 2
3 2
22 2
0 2
7 2
0 2
5 2
0 2
9 2
14 2
0 2
15 2
17 2
0 2
54 2
0 2
31 2
0 2
19 2
0 2
18 2
0 2
65 2
1 2
0 2
0 2
0 2
82 2
0 2
19 2
0 2
19 2
0 2
8 2
14 2
0 2
0 2
0 2
77 2
0 2
11 2
35 2
0 2
15 2
0 2
16 2
0 2
9 2
9 2
0 2
33 2
55 2
0 2
18 2
65 2
53 2
50 2
0 2
4 2
0 2
3 2
0 2
87 2
51 2
40 2
20 2
2 2
0 2
5 2
0 2
28 2
31 2
0 2
20 2
9 2
0 2
6 2
0 2
19 2
0 2
7 2
133 2
6 2
0 2
12 2
0 2
36 2
24 2
0 2
30 2
0 2
23 2
0 2
7 2
0 2
12 2
0 2
17 2
0 2
34 2
47 2
0 2
8 2
0 2
15 2
0 2
5 2
19 2
0 2
4 2
0 2
0 2
0 2
54 2
0 2
3 2
0 2
13 2
3 2
15 2
0 2
23 2
0 2
37 2
55 2
4 2
27 2
0 2
60 2
12 2
0 2
27 2
2 2
27 2
114 2
0 2
42 2
0 2
11 2
0 2
27 2
16 2
36 2
0 2
20 2
39 2
8 2
9 2
65 2
2 2
52 2
0 2
19 2
0 2
12 2
1 2
0 2
5 2
0 2
2 2
0 2
7 2
0 2
4 2
0 2
2 2
0 2
6 2
0 2
3 2
0 2
3 2
0 2
1 2
0 2
7 2
0 2
17 2
11 2
3 2
0 2
1 2
0 2
1 2
0 2
1 2
0 2
0 2
0 2
0 2
6 2
0 2
1 2
0 2
2 2
0 2
4 2
0 2
5 2
0 2
5 2
0 2
2 2
0 2
8 2
1 2
0 2
0 2
0 2
0 2
1 2
0 2
1 2
0 2
6 2
0 2
2 2
0 2
1 2
0 2
0 2
0 2
1 2
0 2
3 2
0 2
3 2
0 2
4 2
0 2
5 2
0 2
1 2
0 2
2 2
0 2
19 2
0 2
1 2
0 2
2 2
0 2
2 2
0 2
6 2
0 2
1 2
0 2
3 2
0 2
1 2
0 2
5 2
0 2
2 2
0 2
2 2
0 2
9 2
0 2
11 2
0 2
0 2
0 2
3 2
0 2
1 2
0 2
3 2
0 2
4 2
0 2
1 2
0 2
4 2
3 2
0 2
3 2
0 2
11 2
0 2
0 2
0 2
9 2
0 2
1 2
6 2
0 2
9 2
0 2
20 2
0 2
5 2
0 2
14 2
0 2
5 2
0 2
1 2
0 2
0 2
0 2
2 2
0 2
7 2
0 2
18 2
0 2
2 2
0 2
3 2
4 2
0 2
4 2
0 2
0 2
0 2
6 2
0 2
4 2
0 2
7 2
0 2
8 2
0 2
15 2
0 2
36 2
0 2
1 2
0 2
17 2
0 2
5 2
0 2
20 2
3 2
0 2
4 2
0 2
2 2
0 2
6 2
0 2
3 2
0 2
11 2
0 2
0 2
1 2
0 2
4 2
0 2
5 2
0 2
13 2
0 2
10 2
0 2
2 2
0 2
5 2
0 2
9 2
0 2
2 2
0 2
2 2
0 2
11 2
0 2
9 2
2 2
0 2
3 2
0 2
2 2
0 2
13 2
0 2
10 2
0 2
2 2
0 2
5 2
0 2
12 2
0 2
10 2
0 2
11 2
0 2
1 2
0 2
5 2
0 2
5 2
0 2
7 2
0 2
17 2
0 2
4 2
0 2
19 2
0 2
8 2
1 2
0 2
7 2
0 2
2 2
0 2
0 2
0 2
0 2
0 2
14 2
2 2
0 2
9 2
0 2
2 2
0 2
5 2
0 2
1 2
0 2
1 2
0 2
4 2
0 2
33 2
0 2
1 2
0 2
21 2
0 2
4 2
0 2
24 2
0 2
3 2
1 2
1 2
0 2
5 2
0 2
0 2
0 2
0 2
0 2
6 2
0 2
1 2
0 2
0 2
0 2
8 2
0 2
6 2
0 2
16 2
0 2
0 2
0 2
7 2
23 2
0 2
0 2
2 2
0 2
5 2
0 2
17 2
0 2
8 2
0 2
8 2
0 2
4 2
0 2
1 2
0 2
9 2
0 2
3 2
12 2
0 2
5 2
0 2
5 2
0 2
1 2
17 2
0 2
5 2
7 2
0 2
6 2
0 2
5 2
0 2
15 2
0 2
39 2
8 2
0 2
15 2
0 2
1 2
14 2
1 2
0 2
3 2
0 2
4 2
0 2
15 2
0 2
12 2
12 2
0 2
19 2
0 2
1 2
1 2
2 2
0 2
37 2
0 2
5 2
19 2
0 2
28 2
0 2
3 2
0 2
8 2
0 2
1 2
2 2
0 2
12 2
0 2
17 2
4 2
0 2
25 2
0 2
1 2
0 2
31 2
0 2
14 2
0 2
0 2
3 2
0 2
1 2
4 2
0 2
14 2
2 2
0 2
6 2
0 2
0 2
0 2
8 2
0 2
7 2
0 2
14 2
0 2
14 2
0 2
2 2
0 2
0 2
13 2
0 2
0 2
0 2
7 2
0 2
21 2
9 2
0 2
14 2
0 2
7 2
0 2
4 2
0 2
14 2
0 2
0 2
0 2
5 2
25 2
8 2
11 2
5 2
0 2
1 2
0 2
0 2
7 2
0 2
16 2
2 2
0 2
3 2
0 2
19 2
0 2
8 2
5 2
8 2
0 2
33 2
27 2
0 2
0 2
1 2
0 2
3 2
10 2
0 2
11 2
1 2
0 2
1 2
0 2
4 2
0 2
26 2
0 2
16 2
0 2
28 2
5 2
0 2
9 2
0 2
8 2
0 2
19 2
5 2
0 2
2 2
20 2
0 2
1 2
0 2
15 2
0 2
5 2
8 2
1 2
0 2
0 2
9 2
0 2
0 2
22 2
0 2
8 2
4 2
0 2
16 2
0 2
1 2
0 2
4 2
0 2
15 2
14 2
7 2
0 2
7 2
0 2
11 2
0 2
0 2
9 2
0 2
4 2
0 2
5 2
0 2
14 2
0 2
12 2
0 2
11 2
3 2
0 2
4 2
0 2
2 2
0 2
5 2
23 2
0 2
7 2
0 2
2 2
0 2
5 2
0 2
9 2
13 2
0 2
6 2
0 2
20 2
12 2
0 2
6 2
0 2
59 2
0 2
12 2
0 2
2 2
33 2
18 2
0 2
7 2
3 2
4 2
0 2
1 2
0 2
2 2
4 2
10 2
21 2
7 2
3 2
17 2
0 2
0 2
0 2
19 2
24 2
3 2
0 2
1 2
20 2
0 2
12 2
0 2
2 2
0 2
5 2
0 2
5 2
31 2
14 2
2 2
0 2
5 2
14 2
18 2
0 2
4 2
0 2
3 2
8 2
0 2
0 2
6 2
0 2
6 2
22 2
1 2
36 2
5 2
18 2
0 2
3 2
0 2
0 2
0 2
42 2
0 2
3 2
0 2
7 2
6 2
8 2
3 2
0 2
10 2
14 2
0 2
26 2
0 2
9 2
5 2
25 2
0 2
2 2
0 2
46 2
16 2
11 2
7 2
0 2
4 2
8 2
0 2
1 2
0 2
13 2
0 2
59 2
0 2
17 2
0 2
4 2
0 2
8 2
8 2
0 2
42 2
4 2
0 2
0 2
3 2
0 2
0 2
1 2
3 2
13 2
9 2
0 2
20 2
15 2
0 2
3 2
18 2
9 2
0 2
15 2
11 2
4 2
3 2
0 2
1 2
6 2
0 2
7 2
0 2
22 2
7 2
15 2
12 2
0 2
2 2
0 2
35 2
3 2
19 2
0 2
17 2
41 2
0 2
1 2
0 2
8 2
28 2
61 2
0 2
14 2
0 2
3 2
3 2
0 2
6 2
0 2
1 2
0 2
26 2
0 2
6 2
0 2
23 2
5 2
19 2
7 2
5 2
0 2
24 2
0 2
54 2
0 2
1 2
0 2
10 2
0 2
2 2
0 2
2 2
5 2
0 2
22 2
0 2
33 2
4 2
16 2
0 2
23 2
0 2
24 2
5 2
0 2
0 2
0 2
7 2
15 2
9 2
1 2
0 2
25 2
29 2
2 2
0 2
7 2
0 2
4 2
0 2
2 2
25 2
0 2
12 2
0 2
24 2
1 2
19 2
29 2
2 2
0 2
44 2
7 2
8 2
3 2
3 2
9 2
0 2
20 2
12 2
36 2
0 2
4 2
9 2
35 2
0 2
36 2
0 2
1 2
0 2
1 2
31 2
1 2
0 2
0 2
0 2
16 2
0 2
0 2
0 2
0 2
13 2
0 2
3 2
0 2
30 2
0 2
9 2
0 2
8 2
0 2
9 2
0 2
32 2
0 2
6 2
28 2
0 2
12 2
0 2
4 2
5 2
0 2
29 2
0 2
32 2
0 2
3 2
0 2
21 2
0 2
6 2
0 2
0 2
16 2
0 2
1 2
0 2
15 2
0 2
0 2
11 2
0 2
0 2
10 2
0 2
40 2
0 2
0 2
74 2
8 2
48 2
27 2
0 2
7 2
17 2
4 2
0 2
10 2
0 2
1 2
21 2
13 2
0 2
29 2
0 2
0 2
28 2
0 2
0 2
4 2
0 2
1 2
0 2
21 2
4 2
0 2
79 2
4 2
2 2
11 2
0 2
14 2
9 2
2 2
5 2
4 2
11 2
0 2
0 2
2 2
1 2
7 2
9 2
7 2
0 2
1 2
3 2
0 2
6 2
14 2
0 2
1 2
0 2
13 2
1 2
1 2
8 2
1 2
1 2
0 2
0 2
6 2
3 2
14 2
0 2
5 2
1 2
3 2
3 2
3 2
0 2
18 2
0 2
1 2
13 2
4 2
18 2
1 2
4 2
3 2
9 2
8 2
0 2
12 2
2 2
7 2
0 2
15 2
7 2
3 2
7 2
0 2
7 2
0 2
20 2
0 2
3 2
0 2
0 2
5 2
0 2
4 2
0 2
11 2
0 2
6 2
3 2
1 2
2 2
1 2
0 2
12 2
2 2
2 2
0 2
1 2
3 2
3 2
12 2
5 2
1 2
4 2
3 2
8 2
5 2
12 2
0 2
4 2
13 2
1 2
2 2
5 2
5 2
17 2
0 2
3 2
7 2
29 2
12 2
0 2
37 2
16 2
6 2
14 2
10 2
0 2
21 2
33 2
24 2
7 2
0 2
13 2
25 2
0 2
10 2
4 2
1 2
0 2
22 2
0 2
7 2
7 2
0 2
5 2
0 2
3 2
2 2
0 2
40 2
11 2
5 2
15 2
27 2
2 2
7 2
0 2
2 2
33 2
0 2
2 2
0 2
3 2
26 2
1 2
9 2
16 2
9 2
43 2
40 2
0 2
11 2
11 2
0 2
14 2
14 2
17 2
17 2
14 2
5 2
28 2
10 2
5 2
12 2
13 2
0 2
1 2
4 2
1 2
2 2
9 2
0 2
1 2
0 2
1 2
0 2
21 2
0 2
15 2
0 2
3 2
2 2
16 2
18 2
12 2
18 2
0 2
10 2
0 2
10 2
0 2
11 2
98 2
20 2
9 2
7 2
16 2
3 2
9 2
6 2
54 2
5 2
0 2
10 2
12 2
26 2
4 2
0 2
3 2
49 2
1 2
5 2
12 2
4 2
1 2
0 2
7 2
7 2
6 2
23 2
6 2
1 2
0 2
15 2
0 2
12 2
19 2
0 2
7 2
0 2
2 2
0 2
22 2
0 2
2 2
0 2
28 2
8 2
0 2
13 2
0 2
5 2
5 2
15 2
12 2
8 2
0 2
4 2
5 2
0 2
0 2
1 2
3 2
11 2
0 2
0 2
5 2
0 2
0 2
4 2
1 2
1 2
2 2
3 2
3 2
0 2
0 2
2 2
4 2
5 2
2 2
0 2
3 2
0 2
4 2
1 2
0 2
1 2
0 2
5 2
4 2
1 2
2 2
3 2
10 2
5 2
2 2
6 2
3 2
2 2
0 2
4 2
6 2
8 2
10 2
2 2
2 2
7 2
14 2
2 2
2 2
2 2
0 2
2 2
10 2
0 2
0 2
2 2
9 2
15 2
4 2
4 2
3 2
0 2
6 2
0 2
0 2
11 2
1 2
1 2
0 2
0 2
2 2
5 2
0 2
8 2
0 2
5 2
0 2
0 2
5 2
1 2
0 2
8 2
0 2
0 2
9 2
22 2
0 2
2 2
11 2
1 2
1 2
2 2
14 2
2 2
2 2
0 2
6 2
1 2
1 2
0 2
7 2
5 2
0 2
1 2
0 2
0 2
1 2
0 2
0 2
22 2
2 2
8 2
23 2
14 2
10 2
0 2
2 2
0 2
2 2
2 2
8 2
0 2
2 2
6 2
0 2
12 2
13 2
0 2
21 2
0 2
0 2
1 2
5 2
6 2
0 2
4 2
0 2
0 2
7 2
26 2
4 2
13 2
1 2
3 2
0 2
6 2
1 2
0 2
26 2
13 2
0 2
1 2
0 2
0 2
11 2
1 2
9 2
0 2
6 2
19 2
7 2
9 2
28 2
0 2
33 2
1 2
1 2
6 2
0 2
1 2
0 2
3 2
2 2
14 2
0 2
2 2
0 2
6 2
2 2
8 2
0 2
1 2
3 2
5 2
38 2
0 2
2 2
6 2
2 2
6 2
8 2
0 2
8 2
10 2
0 2
0 2
22 2
0 2
0 2
3 2
0 2
11 2
0 2
14 2
6 2
4 2
42 2
15 2
0 2
19 2
2 2
12 2
0 2
3 2
17 2
5 2
1 2
0 2
3 2
3 2
4 2
8 2
7 2
6 2
0 2
0 2
1 2
6 2
0 2
27 2
1 2
10 2
10 2
1 2
0 2
1 2
24 2
20 2
8 2
34 2
2 2
7 2
5 2
18 2
2 2
0 2
14 2
6 2
0 2
7 2
0 2
0 2
17 2
1 2
12 2
11 2
0 2
1 2
6 2
7 2
5 2
0 2
7 2
0 2
0 2
4 2
2 2
6 2
8 2
9 2
6 2
2 2
11 2
0 2
0 2
3 2
0 2
12 2
0 2
6 2
0 2
2 2
1 2
0 2
9 2
3 2
0 2
1 2
0 2
10 2
0 2
2 2
8 2
0 2
0 2
0 2
4 2
2 2
0 2
10 2
19 2
18 2
0 2
1 2
4 2
1 2
5 2
2 2
0 2
0 2
5 2
17 2
0 2
2 2
7 2
10 2
16 2
0 2
33 2
0 2
53 2
5 2
0 2
26 2
31 2
6 2
25 2
8 2
9 2
32 2
22 2
0 2
0 2
9 2
0 2
9 2
0 2
6 2
1 2
13 2
9 2
16 2
1 2
9 2
0 2
3 2
0 2
3 2
39 2
1 2
17 2
3 2
3 2
0 2
5 2
29 2
1 2
0 2
12 2
0 2
2 2
7 2
1 2
16 2
15 2
0 2
9 2
0 2
8 2
0 2
2 2
9 2
4 2
7 2
17 2
19 2
0 2
6 2
4 2
0 2
11 2
12 2
0 2
1 2
29 2
0 2
23 2
0 2
7 2
4 2
29 2
1 2
13 2
12 2
40 2
0 2
0 2
1 2
35 2
0 2
4 2
6 2
12 2
5 2
0 2
2 2
28 2
0 2
7 2
10 2
1 2
12 2
0 2
0 2
4 2
16 2
43 2
3 2
45 2
0 2
26 2
0 2
31 2
17 2
0 2
27 2
26 2
0 2
15 2
3 2
36 2
6 2
0 2
15 2
10 2
0 2
7 2
25 2
3 2
11 2
0 2
30 2
0 2
16 2
12 2
15 2
14 2
45 2
7 2
0 2
20 2
0 2
9 2
3 2
9 2
5 2
2 2
0 2
40 2
9 2
21 2
0 2
0 2
52 2
2 2
0 2
6 2
3 2
0 2
11 2
72 2
28 2
4 2
2 2
0 2
32 2
7 2
2 2
0 2
3 2
0 2
36 2
0 2
16 2
1 2
6 2
0 2
1 2
0 2
6 2
20 2
1 2
26 2
0 2
5 2
0 2
20 2
3 2
0 2
24 2
4 2
1 2
0 2
1 2
0 2
4 2
11 2
2 2
20 2
0 2
23 2
10 2
11 2
10 2
56 2
0 2
65 2
11 2
49 2
5 2
0 2
1 2
0 2
1 2
2 2
0 2
13 2
27 2
0 2
7 2
0 2
28 2
15 2
21 2
2 2
4 2
9 2
0 2
3 2
0 2
9 2
7 2
70 2
0 2
20 2
0 2
0 2
23 2
6 2
26 2
2 2
8 2
4 2
5 2
20 2
7 2
23 2
3 2
3 2
8 2
0 2
10 2
12 2
0 2
4 2
0 2
22 2
11 2
8 2
3 2
9 2
5 2
4 2
0 2
1 2
0 2
21 2
12 2
1 2
0 2
11 2
0 2
14 2
0 2
0 2
20 2
12 2
0 2
13 2
1 2
0 2
14 2
21 2
0 2
0 2
13 2
3 2
13 2
0 2
2 2
13 2
0 2
59 2
0 2
41 2
0 2
9 2
20 2
8 2
2 2
7 2
0 2
6 2
9 2
0 2
6 2
6 2
13 2
0 2
31 2
5 2
8 2
44 2
40 2
0 2
3 2
0 2
4 2
13 2
5 2
0 2
18 2
43 2
18 2
3 2
0 2
19 2
1 2
0 2
0 2
16 2
9 2
14 2
46 2
30 2
12 2
19 2
5 2
0 2
1 2
11 2
15 2
0 2
3 2
0 2
41 2
3 2
0 2
40 2
0 2
61 2
17 2
1 2
6 2
26 2
87 2
0 2
16 2
5 2
0 2
18 2
10 2
8 2
1 2
2 2
9 2
63 2
4 2
0 2
0 2
11 2
4 2
0 2
55 2
0 2
11 2
2 2
25 2
0 2
19 2
19 2
0 2
34 2
20 2
10 2
11 2
7 2
0 2
8 2
4 2
9 2
3 2
5 2
24 2
0 2
63 2
19 2
2 2
1 2
37 2
32 2
23 2
1 2
79 2
26 2
12 2
0 2
13 2
0 2
0 2
8 2
95 2
15 2
33 2
39 2
4 2
0 2
1 2
14 2
30 2
21 2
33 2
12 2
18 2
0 2
0 2
14 2
0 2
20 2
50 2
0 2
29 2
5 2
0 2
17 2
9 2
0 2
1 2
0 2
0 2
9 2
0 2
48 2
40 2
0 2
10 2
1 2
0 2
0 2
5 2
53 2
0 2
0 2
11 2
0 2
40 2
0 2
0 2
11 2
0 2
7 2
0 2
3 2
3 2
27 2
8 2
0 2
17 2
0 2
19 2
0 2
3 2
2 2
0 2
44 2
0 2
36 2
41 2
1 2
0 2
0 2
25 2
0 2
3 2
0 2
87 2
0 2
61 2
0 2
23 2
18 2
59 2
77 2
2 2
38 2
0 2
21 2
44 2
0 2
12 2
34 2
0 2
55 2
8 2
44 2
1 2
0 2
0 2
83 2
10 2
0 2
38 2
0 2
21 2
0 2
74 2
0 2
88 2
2 2
0 2
1 2
0 2
35 2
0 2
32 2
0 2
39 2
74 2
0 2
0 2
35 2
74 2
3 2
0 2
2 2
0 2
5 2
0 2
3 2
4 2
0 2
42 2
92 2
47 2
0 2
37 2
39 2
5 2
30 2
0 2
36 2
0 2
3 2
0 2
57 2
0 2
85 2
0 2
4 2
8 2
10 2
10 2
70 2
32 2
93 2
11 2
10 2
0 2
2 2
0 2
58 2
68 2
19 2
13 2
0 2
58 2
15 2
0 2
43 2
0 2
5 2
23 2
0 2
15 2
0 2
61 2
0 2
32 2
4 2
92 2
8 2
0 2
1 2
19 2
0 2
36 2
9 2
52 2
15 2
30 2
17 2
0 2
16 2
72 2
14 2
0 2
28 2
23 2
7 2
0 2
14 2
137 2
0 2
41 2
76 2
12 2
5 2
8 2
24 2
34 2
0 2
43 2
0 2
5 2
6 2
0 2
17 2
21 2
43 2
41 2
15 2
0 2
15 2
0 2
24 2
15 2
9 2
21 2
24 2
0 2
6 2
10 2
0 2
68 2
68 2
38 2
8 2
13 2
21 2
8 2
3 2
0 2
28 2
4 2
0 2
9 2
0 2
35 2
0 2
0 2
111 2
12 2
29 2
0 2
12 2
0 2
23 2
34 2
2 2
11 2
28 2
34 2
0 2
0 2
0 2
8 2
0 2
25 2
0 2
92 2
23 2
22 2
24 2
10 2
6 2
20 2
16 2
0 2
0 2
3 2
157 2
8 2
75 2
0 2
7 2
28 2
94 2
0 2
19 2
0 2
58 2
19 2
9 2
2 2
23 2
12 2
17 2
0 2
20 2
68 2
19 2
0 2
14 2
0 2
47 2
22 2
0 2
8 2
47 2
28 2
52 2
9 2
69 2
0 2
8 2
10 2
57 2
0 2
61 2
6 2
36 2
34 2
0 2
0 0
